0 0 inf
0 0 1
0 0 1
0 0 1
0 0 1
0 0 1
0 0 1.41421
0 0 1.41421
0 0 1.41421
0 0 1.41421
0 0 1.41421
0 0 1.41421
0 0 2
0 0 2
0 0 2
0 0 2.23607
0 0 2.23607
0 0 2.23607
0 0 2.23607
0 0 2.23607
0 0 2.23607
0 0 2.23607
0 0 2.23607
0 0 2.82843
0 0 2.82843
0 0 3
0 0 3
0 0 3
0 0 3
0 0 3
0 0 3
0 0 3
0 0 3
1 3 3
1 3 3
1 3 3
0 0 3.16228
0 0 3.16228
0 0 3.16228
0 0 3.16228
0 0 3.16228
0 0 3.16228
1 3.16228 3.16228
0 0 3.60555
0 0 3.60555
0 0 3.60555
0 0 3.60555
1 3.60555 3.60555
1 3.60555 3.60555
0 0 4
1 4 4
1 4 4
0 0 4.12311
0 0 4.12311
0 0 4.12311
0 0 4.12311
0 0 4.12311
0 0 4.12311
1 4.12311 4.12311
0 0 4.24264
0 0 4.24264
1 4.24264 4.24264
1 4.24264 4.24264
1 4.24264 4.24264
0 0 4.47214
0 0 4.47214
0 0 4.47214
0 0 4.47214
1 4.47214 4.47214
1 4.47214 4.47214
1 4.47214 4.47214
1 4.47214 4.47214
1 4.47214 4.47214
1 4.47214 4.47214
0 0 5
0 0 5
0 0 5
0 0 5
0 0 5
0 0 5
0 0 5
1 5 5
1 5 5
1 5 5
1 5 5
1 5 5
1 5.09902 5.09902
0 0 5.38516
0 0 5.38516
0 0 5.38516
0 0 5.38516
0 0 5.38516
1 5.38516 5.38516
1 5.38516 5.38516
1 5.38516 5.38516
1 5.38516 5.38516
0 0 5.65685
0 0 5.65685
1 5.65685 5.65685
0 0 5.83095
0 0 5.83095
0 0 5.83095
0 0 5.83095
1 5.83095 5.83095
1 5.83095 5.83095
1 5.83095 5.83095
1 5.83095 5.83095
1 5.83095 5.83095
1 5.83095 5.83095
1 5.83095 5.83095
0 0 6
1 6 6
1 6 6
1 6 6
0 0 6.08276
0 0 6.08276
0 0 6.08276
0 0 6.08276
1 6.08276 6.08276
1 6.08276 6.08276
1 6.08276 6.08276
1 6.08276 6.08276
1 6.08276 6.08276
1 6.08276 6.08276
1 6.08276 6.08276
1 6.08276 6.08276
1 6.08276 6.08276
0 0 6.32456
0 0 6.32456
1 6.32456 6.32456
1 6.32456 6.32456
0 0 6.40312
0 0 6.40312
0 0 6.40312
1 6.40312 6.40312
1 6.40312 6.40312
1 6.40312 6.40312
1 6.40312 6.40312
1 6.40312 6.40312
1 6.40312 6.40312
1 6.40312 6.40312
0 0 6.7082
0 0 6.7082
0 0 6.7082
0 0 6.7082
1 6.7082 6.7082
1 6.7082 6.7082
1 6.7082 6.7082
1 6.7082 6.7082
1 6.7082 6.7082
1 6.7082 6.7082
1 6.32456 6.7082
1 7 7
1 7 7
1 7 7
1 7 7
0 0 7.07107
0 0 7.07107
1 7.07107 7.07107
1 7.07107 7.07107
1 7.07107 7.07107
1 7.07107 7.07107
1 7.07107 7.07107
1 7.07107 7.07107
1 7.07107 7.07107
1 7.07107 7.07107
1 7.07107 7.07107
0 0 7.2111
1 7.2111 7.2111
1 7.2111 7.2111
1 7.2111 7.2111
1 7.2111 7.2111
1 7.2111 7.2111
1 7.2111 7.2111
1 7.2111 7.2111
1 7.2111 7.2111
0 0 7.28011
1 7.28011 7.28011
1 7.28011 7.28011
1 7.28011 7.28011
1 7.28011 7.28011
1 7.28011 7.28011
0 0 7.61577
0 0 7.61577
0 0 7.61577
1 7.61577 7.61577
1 7.61577 7.61577
1 7.61577 7.61577
1 7.61577 7.61577
1 7.61577 7.61577
1 7.61577 7.61577
1 7.61577 7.61577
1 7.61577 7.61577
0 0 7.81025
0 0 7.81025
1 7.81025 7.81025
1 7.81025 7.81025
1 7.81025 7.81025
1 7.81025 7.81025
1 7.81025 7.81025
1 7.81025 7.81025
1 7.81025 7.81025
1 8 8
1 8 8
1 8 8
1 8.06226 8.06226
1 8.06226 8.06226
1 6.40312 8.06226
1 8.06226 8.06226
1 8.06226 8.06226
1 8.06226 8.06226
1 8.06226 8.06226
1 8.06226 8.06226
1 8.06226 8.06226
1 8.06226 8.06226
1 8.06226 8.06226
1 8.24621 8.24621
1 8.24621 8.24621
1 6.7082 8.24621
1 8.24621 8.24621
1 8.24621 8.24621
1 8.24621 8.24621
1 7.07107 8.24621
1 8.24621 8.24621
1 8.48528 8.48528
1 8.48528 8.48528
1 8.48528 8.48528
1 8.544 8.544
1 8.544 8.544
1 7.2111 8.544
1 8.544 8.544
1 8.544 8.544
1 8.544 8.544
1 8.544 8.544
1 8.544 8.544
1 8.544 8.544
1 8.544 8.544
0 0 8.60233
1 8.60233 8.60233
1 8.60233 8.60233
1 8.60233 8.60233
1 8.60233 8.60233
1 8.60233 8.60233
1 8.60233 8.60233
1 8.60233 8.60233
1 8.60233 8.60233
0 0 8.94427
1 8.94427 8.94427
1 8.94427 8.94427
1 8.94427 8.94427
1 8.94427 8.94427
1 8.94427 8.94427
1 8.94427 8.94427
1 8.94427 8.94427
1 8.94427 8.94427
1 8.94427 8.94427
1 8.94427 8.94427
1 9 9
1 9 9
1 9 9
1 9 9
1 9 9
1 9.05539 9.05539
1 9.05539 9.05539
1 9.05539 9.05539
1 9.05539 9.05539
1 9.05539 9.05539
1 9.05539 9.05539
1 9.05539 9.05539
1 8.48528 9.05539
1 9.05539 9.05539
1 9.21954 9.21954
1 9.21954 9.21954
1 9.21954 9.21954
1 9.21954 9.21954
1 9.21954 9.21954
1 9.21954 9.21954
1 9.21954 9.21954
1 9.21954 9.21954
1 9.21954 9.21954
1 9.43398 9.43398
1 9.43398 9.43398
1 9.43398 9.43398
1 9.43398 9.43398
1 9.43398 9.43398
1 9.43398 9.43398
1 9.43398 9.43398
1 9.48683 9.48683
1 9.48683 9.48683
1 9.48683 9.48683
1 9.48683 9.48683
1 9.48683 9.48683
1 9.48683 9.48683
1 9.48683 9.48683
1 9.48683 9.48683
1 9.84886 9.84886
1 9.84886 9.84886
1 9.84886 9.84886
1 9.84886 9.84886
1 9.84886 9.84886
1 9.84886 9.84886
1 9.84886 9.84886
1 9.89949 9.89949
1 9.89949 9.89949
1 9.89949 9.89949
1 9.89949 9.89949
1 10 10
1 10 10
1 10 10
1 10 10
1 10 10
1 10 10
1 10 10
1 10 10
1 10 10
1 10 10
1 10 10
1 10 10
1 10 10
1 10.0499 10.0499
1 10.0499 10.0499
1 10.0499 10.0499
1 10.0499 10.0499
1 10.198 10.198
1 10.198 10.198
1 10.198 10.198
1 10.198 10.198
1 10.198 10.198
1 10.198 10.198
1 10.198 10.198
1 10.198 10.198
1 10.198 10.198
1 10.198 10.198
1 10.198 10.198
0 0 10.2956
1 10.2956 10.2956
1 10.2956 10.2956
1 10.2956 10.2956
1 10.2956 10.2956
1 10.2956 10.2956
1 10.4403 10.4403
1 10.4403 10.4403
1 10.4403 10.4403
1 10.4403 10.4403
1 10.4403 10.4403
1 10.4403 10.4403
1 10.4403 10.4403
1 10.6301 10.6301
1 10.6301 10.6301
1 10.6301 10.6301
1 10.6301 10.6301
1 10.6301 10.6301
1 10.6301 10.6301
1 10.6301 10.6301
1 10.6301 10.6301
1 10.7703 10.7703
1 10.7703 10.7703
1 10.7703 10.7703
1 10.7703 10.7703
1 10.7703 10.7703
1 8 10.7703
1 10.7703 10.7703
1 10.8167 10.8167
1 10.8167 10.8167
1 10.8167 10.8167
1 10.8167 10.8167
1 10.8167 10.8167
1 10.8167 10.8167
1 10.8167 10.8167
1 10.8167 10.8167
1 11.0454 11.0454
1 11.0454 11.0454
1 11.0454 11.0454
1 11.0454 11.0454
1 11.0454 11.0454
1 11.1803 11.1803
1 11.1803 11.1803
1 11.1803 11.1803
1 11.1803 11.1803
1 11.1803 11.1803
1 11.1803 11.1803
1 11.1803 11.1803
1 11.1803 11.1803
1 11.1803 11.1803
1 11.1803 11.1803
1 11.1803 11.1803
1 11.1803 11.1803
1 11.1803 11.1803
1 11.1803 11.1803
1 11.1803 11.1803
1 11.1803 11.1803
1 11.3137 11.3137
1 11.3137 11.3137
1 11.3137 11.3137
1 11.4018 11.4018
1 11.4018 11.4018
1 11.4018 11.4018
1 11.4018 11.4018
1 11.4018 11.4018
1 11.4018 11.4018
1 11.4018 11.4018
1 11.4018 11.4018
1 11.4018 11.4018
1 11.4018 11.4018
1 11.4018 11.4018
1 11.4018 11.4018
1 11.4018 11.4018
1 11.4018 11.4018
1 11.6619 11.6619
1 11.6619 11.6619
1 11.6619 11.6619
1 11.6619 11.6619
1 11.6619 11.6619
1 11.6619 11.6619
1 11.7047 11.7047
1 11.7047 11.7047
1 11.7047 11.7047
1 12 12
1 12 12
1 12 12
1 12 12
1 12 12
1 12 12
1 12 12
1 12.0416 12.0416
1 10 12.0416
1 12.0416 12.0416
1 12.0416 12.0416
1 12.0416 12.0416
1 12.0416 12.0416
1 12.0416 12.0416
1 12.0416 12.0416
1 12.0416 12.0416
1 12.0416 12.0416
1 12.0416 12.0416
1 12.0416 12.0416
1 12.0416 12.0416
1 12.0416 12.0416
1 12.0416 12.0416
1 12.083 12.083
1 12.083 12.083
1 12.083 12.083
1 12.083 12.083
1 12.083 12.083
1 12.083 12.083
1 12.083 12.083
1 11.6619 12.083
1 12.083 12.083
1 12.1655 12.1655
1 12.1655 12.1655
1 12.1655 12.1655
1 12.1655 12.1655
1 12.1655 12.1655
1 12.1655 12.1655
1 12.1655 12.1655
1 12.1655 12.1655
1 12.1655 12.1655
1 12.2066 12.2066
1 12.2066 12.2066
1 10.0499 12.2066
1 12.2066 12.2066
1 12.3693 12.3693
1 12.3693 12.3693
1 12.3693 12.3693
1 12.3693 12.3693
1 12.53 12.53
1 12.53 12.53
1 12.53 12.53
1 12.53 12.53
1 12.53 12.53
1 12.53 12.53
1 12.53 12.53
1 12.6491 12.6491
1 12.6491 12.6491
1 12.6491 12.6491
1 12.6491 12.6491
1 12.6491 12.6491
1 12.6491 12.6491
1 12.6491 12.6491
1 12.6491 12.6491
1 12.6491 12.6491
1 12.7279 12.7279
1 12.7279 12.7279
1 12.8062 12.8062
1 12.8062 12.8062
1 12.8062 12.8062
1 12.8062 12.8062
1 12.8062 12.8062
1 13 13
1 13 13
1 13 13
1 13 13
1 13 13
1 13 13
1 13 13
1 13 13
1 13 13
1 13 13
1 13 13
1 13 13
1 13.0384 13.0384
1 13.0384 13.0384
1 13.0384 13.0384
1 13.0384 13.0384
1 13.0384 13.0384
1 13.0384 13.0384
1 13.0384 13.0384
1 13.0384 13.0384
1 13.0384 13.0384
1 13.0384 13.0384
1 13.0384 13.0384
1 13.0384 13.0384
1 13.0384 13.0384
1 13.0384 13.0384
1 13.0384 13.0384
1 13.0384 13.0384
1 13.0384 13.0384
1 13.0384 13.0384
1 13.1529 13.1529
1 13.1529 13.1529
1 13.1529 13.1529
1 13.1529 13.1529
1 13.1529 13.1529
1 13.1529 13.1529
1 13.1529 13.1529
1 13.1529 13.1529
1 13.1529 13.1529
1 13.3417 13.3417
1 13.3417 13.3417
1 13.3417 13.3417
1 13.3417 13.3417
1 13.3417 13.3417
1 13.3417 13.3417
1 13.3417 13.3417
1 13.3417 13.3417
1 13.3417 13.3417
1 13.3417 13.3417
1 13.3417 13.3417
1 13.4164 13.4164
1 13.4164 13.4164
1 13.4164 13.4164
1 13.4164 13.4164
1 13.4164 13.4164
1 13.4536 13.4536
1 13.4536 13.4536
1 13.4536 13.4536
1 13.6015 13.6015
1 13.6015 13.6015
1 13.6015 13.6015
1 13.6015 13.6015
1 13.6015 13.6015
1 13.6015 13.6015
1 13.6015 13.6015
1 13.6015 13.6015
1 13.6015 13.6015
1 13.6015 13.6015
1 13.6015 13.6015
1 13.6015 13.6015
1 13.6015 13.6015
1 13.6015 13.6015
1 10.8167 13.6015
1 13.6015 13.6015
1 13.8924 13.8924
1 13.8924 13.8924
1 13.8924 13.8924
1 13.8924 13.8924
1 13.8924 13.8924
1 13.8924 13.8924
1 13.8924 13.8924
1 12.0416 13.8924
1 13.8924 13.8924
1 13.9284 13.9284
1 13.9284 13.9284
1 13.9284 13.9284
1 13.9284 13.9284
1 13.9284 13.9284
1 13.9284 13.9284
1 14 14
1 14 14
1 14.0357 14.0357
1 14.0357 14.0357
1 14.0357 14.0357
1 14.0357 14.0357
1 14.1421 14.1421
1 14.1421 14.1421
1 14.1421 14.1421
1 14.1421 14.1421
1 14.1421 14.1421
1 14.1421 14.1421
1 14.1421 14.1421
1 14.1421 14.1421
1 14.1421 14.1421
1 14.1421 14.1421
1 14.2127 14.2127
1 14.2127 14.2127
1 14.2127 14.2127
1 14.2127 14.2127
1 14.2127 14.2127
1 14.2127 14.2127
1 14.3178 14.3178
1 14.3178 14.3178
1 14.3178 14.3178
1 14.3178 14.3178
1 14.3178 14.3178
1 14.3178 14.3178
1 14.3178 14.3178
1 14.3178 14.3178
1 14.3178 14.3178
1 14.3178 14.3178
1 14.3178 14.3178
1 14.3178 14.3178
1 14.3178 14.3178
1 14.3178 14.3178
1 14.3178 14.3178
1 14.3178 14.3178
1 14.3178 14.3178
1 14.4222 14.4222
1 14.4222 14.4222
1 14.4222 14.4222
1 14.4222 14.4222
1 14.4222 14.4222
1 14.4222 14.4222
1 14.4222 14.4222
1 14.4222 14.4222
1 14.4222 14.4222
1 14.5602 14.5602
1 14.5602 14.5602
1 14.5602 14.5602
1 14.5602 14.5602
1 14.5602 14.5602
1 14.7648 14.7648
1 14.7648 14.7648
1 14.7648 14.7648
1 14.7648 14.7648
1 14.7648 14.7648
1 14.7648 14.7648
1 14.7648 14.7648
1 14.7648 14.7648
1 14.8661 14.8661
1 14.8661 14.8661
1 14.8661 14.8661
1 14.8661 14.8661
1 14.8661 14.8661
1 14.8661 14.8661
1 14.8661 14.8661
1 14.8661 14.8661
1 14.8661 14.8661
1 14.8661 14.8661
1 14.8661 14.8661
1 14.8661 14.8661
1 14.8661 14.8661
1 14.1421 14.8661
1 15 15
1 15 15
1 15 15
1 15 15
1 15 15
1 15 15
1 15 15
1 15 15
1 15 15
1 15 15
1 15.0333 15.0333
1 15.0333 15.0333
1 15.0333 15.0333
1 15.0333 15.0333
1 15.0333 15.0333
1 15.0333 15.0333
1 15.1327 15.1327
1 15.1327 15.1327
1 15.1327 15.1327
1 15.1327 15.1327
1 15.1327 15.1327
1 15.2315 15.2315
1 15.2315 15.2315
1 15.2315 15.2315
1 15.2315 15.2315
1 15.2315 15.2315
1 15.2315 15.2315
1 15.2315 15.2315
1 15.2643 15.2643
1 15.2643 15.2643
1 15.2643 15.2643
1 15.2643 15.2643
1 15.2643 15.2643
1 15.2643 15.2643
1 15.2643 15.2643
1 15.2643 15.2643
1 15.2643 15.2643
1 15.2971 15.2971
1 15.2971 15.2971
1 15.2971 15.2971
1 15.2971 15.2971
1 15.2971 15.2971
1 15.2971 15.2971
1 15.2971 15.2971
1 15.2971 15.2971
1 15.2971 15.2971
1 15.5242 15.5242
1 15.5242 15.5242
1 15.5242 15.5242
1 15.5242 15.5242
1 15.5242 15.5242
1 15.5242 15.5242
1 15.5563 15.5563
1 15.5563 15.5563
1 15.5563 15.5563
1 15.5563 15.5563
1 15.5563 15.5563
1 15.6205 15.6205
1 15.6205 15.6205
1 15.6205 15.6205
1 15.6205 15.6205
1 15.6205 15.6205
1 15.6205 15.6205
1 15.6525 15.6525
1 15.6525 15.6525
1 15.6525 15.6525
1 15.6525 15.6525
1 15.6525 15.6525
1 15.8114 15.8114
1 15.8114 15.8114
1 15.8114 15.8114
1 15.8114 15.8114
1 15.8114 15.8114
1 15.8114 15.8114
1 15.8114 15.8114
1 15.8114 15.8114
1 15.8114 15.8114
1 16 16
1 16.0312 16.0312
1 16.0312 16.0312
1 16.0312 16.0312
1 16.0312 16.0312
1 16.0312 16.0312
1 16.0312 16.0312
1 16.1245 16.1245
1 16.1245 16.1245
1 16.1245 16.1245
1 16.1245 16.1245
1 16.1245 16.1245
1 16.1245 16.1245
1 16.1245 16.1245
1 16.1245 16.1245
1 16.1245 16.1245
1 16.1245 16.1245
1 16.1555 16.1555
1 16.1555 16.1555
1 16.1555 16.1555
1 16.1555 16.1555
1 16.1555 16.1555
1 16.1555 16.1555
1 16.1555 16.1555
1 16.1555 16.1555
1 16.2788 16.2788
1 16.2788 16.2788
1 16.2788 16.2788
1 16.2788 16.2788
1 16.2788 16.2788
1 16.2788 16.2788
1 16.2788 16.2788
1 16.2788 16.2788
1 16.2788 16.2788
1 16.2788 16.2788
1 16.2788 16.2788
1 16.2788 16.2788
1 16.4012 16.4012
1 16.4012 16.4012
1 16.4012 16.4012
1 16.4012 16.4012
1 16.4012 16.4012
1 16.4012 16.4012
1 16.4924 16.4924
1 16.4924 16.4924
1 16.4924 16.4924
1 16.4924 16.4924
1 16.4924 16.4924
1 16.5529 16.5529
1 16.5529 16.5529
1 16.5529 16.5529
1 16.5529 16.5529
1 16.5529 16.5529
1 16.5529 16.5529
1 16.5529 16.5529
1 16.5529 16.5529
1 16.5529 16.5529
1 16.6433 16.6433
1 16.6433 16.6433
1 16.6433 16.6433
1 16.6433 16.6433
1 16.6433 16.6433
1 16.6433 16.6433
1 16.7631 16.7631
1 16.7631 16.7631
1 16.7631 16.7631
1 16.7631 16.7631
1 16.7631 16.7631
1 16.7631 16.7631
1 16.7631 16.7631
1 16.9706 16.9706
1 17 17
1 17 17
1 17 17
1 17 17
1 17 17
1 17 17
1 17 17
1 17 17
1 17 17
1 17 17
1 17 17
1 17.0294 17.0294
1 17.0294 17.0294
1 17.0294 17.0294
1 17.0294 17.0294
1 17.0294 17.0294
1 17.0294 17.0294
1 17.0294 17.0294
1 17.0294 17.0294
1 17.0294 17.0294
1 17.0294 17.0294
1 17.0294 17.0294
1 17.0294 17.0294
1 17.0294 17.0294
1 17.088 17.088
1 17.088 17.088
1 17.088 17.088
1 17.088 17.088
1 17.1172 17.1172
1 17.1172 17.1172
1 17.1172 17.1172
1 17.1172 17.1172
1 17.1172 17.1172
1 17.2047 17.2047
1 17.2047 17.2047
1 17.2047 17.2047
1 17.2047 17.2047
1 17.2627 17.2627
1 17.2627 17.2627
1 17.2627 17.2627
1 17.2627 17.2627
1 17.2627 17.2627
1 17.2627 17.2627
1 17.2627 17.2627
1 17.4642 17.4642
1 17.4642 17.4642
1 17.4642 17.4642
1 17.4642 17.4642
1 17.4642 17.4642
1 17.4642 17.4642
1 17.4642 17.4642
1 17.4642 17.4642
1 17.4642 17.4642
1 17.4642 17.4642
1 17.4642 17.4642
1 17.4642 17.4642
1 17.4929 17.4929
1 17.4929 17.4929
1 17.4929 17.4929
1 17.4929 17.4929
1 17.4929 17.4929
1 17.6918 17.6918
1 17.6918 17.6918
1 17.6918 17.6918
1 17.6918 17.6918
1 17.6918 17.6918
1 17.6918 17.6918
1 17.72 17.72
1 17.72 17.72
1 17.72 17.72
1 17.72 17.72
1 17.8045 17.8045
1 17.8045 17.8045
1 17.8885 17.8885
1 17.8885 17.8885
1 17.8885 17.8885
1 17.8885 17.8885
1 17.8885 17.8885
1 17.8885 17.8885
1 17.8885 17.8885
1 17.8885 17.8885
1 18 18
1 18 18
1 18 18
1 18 18
1 18 18
1 18.0278 18.0278
1 18.0278 18.0278
1 18.0278 18.0278
1 18.0278 18.0278
1 18.0278 18.0278
1 18.0278 18.0278
1 18.0278 18.0278
1 18.0278 18.0278
1 18.0278 18.0278
1 18.0278 18.0278
1 18.0278 18.0278
1 18.0278 18.0278
1 18.0278 18.0278
1 18.0278 18.0278
1 18.1108 18.1108
1 18.1108 18.1108
1 18.1108 18.1108
1 18.1108 18.1108
1 18.1108 18.1108
1 18.2483 18.2483
1 18.2483 18.2483
1 18.2483 18.2483
1 18.2483 18.2483
1 18.2483 18.2483
1 18.2483 18.2483
1 18.2483 18.2483
1 18.2483 18.2483
1 18.3576 18.3576
1 18.3576 18.3576
1 18.3576 18.3576
1 18.3576 18.3576
1 18.3848 18.3848
1 18.3848 18.3848
1 18.3848 18.3848
1 18.3848 18.3848
1 18.3848 18.3848
1 18.3848 18.3848
1 18.3848 18.3848
1 18.3848 18.3848
1 18.3848 18.3848
1 18.3848 18.3848
1 18.3848 18.3848
1 18.3848 18.3848
1 18.3848 18.3848
1 18.4391 18.4391
1 18.4391 18.4391
1 18.4391 18.4391
1 18.4391 18.4391
1 18.4391 18.4391
1 18.4391 18.4391
1 18.4391 18.4391
1 18.6011 18.6011
1 18.6011 18.6011
1 18.6011 18.6011
1 18.6011 18.6011
1 18.6011 18.6011
1 18.6011 18.6011
1 18.6011 18.6011
1 18.6011 18.6011
1 18.6815 18.6815
1 18.6815 18.6815
1 18.6815 18.6815
1 18.6815 18.6815
1 18.6815 18.6815
1 18.6815 18.6815
1 18.7883 18.7883
1 18.7883 18.7883
1 18.7883 18.7883
1 18.7883 18.7883
1 18.7883 18.7883
1 18.868 18.868
1 18.868 18.868
1 18.868 18.868
1 18.868 18.868
1 18.868 18.868
1 18.868 18.868
1 18.868 18.868
1 18.868 18.868
1 18.9737 18.9737
1 18.9737 18.9737
1 18.9737 18.9737
1 18.9737 18.9737
1 18.9737 18.9737
1 18.9737 18.9737
1 18.9737 18.9737
1 19.0263 19.0263
1 19.0263 19.0263
1 19.0263 19.0263
1 19.0263 19.0263
1 19.0263 19.0263
1 19.0263 19.0263
1 19.105 19.105
1 19.105 19.105
1 19.105 19.105
1 19.105 19.105
1 19.105 19.105
1 19.105 19.105
1 19.105 19.105
1 19.105 19.105
1 19.105 19.105
1 19.2094 19.2094
1 19.2094 19.2094
1 19.2094 19.2094
1 19.2094 19.2094
1 19.2094 19.2094
1 19.2094 19.2094
1 19.2354 19.2354
1 19.2354 19.2354
1 19.2354 19.2354
1 19.2354 19.2354
1 19.2354 19.2354
1 19.2354 19.2354
1 19.2354 19.2354
1 19.2354 19.2354
1 19.3132 19.3132
1 19.3132 19.3132
1 19.3132 19.3132
1 19.3132 19.3132
1 19.3132 19.3132
1 19.3132 19.3132
1 19.4165 19.4165
1 19.4165 19.4165
1 19.4165 19.4165
1 19.4165 19.4165
1 19.4165 19.4165
1 19.4165 19.4165
1 19.6469 19.6469
1 19.6469 19.6469
1 19.6469 19.6469
1 19.6469 19.6469
1 19.6469 19.6469
1 19.6977 19.6977
1 19.6977 19.6977
1 19.6977 19.6977
1 19.6977 19.6977
1 19.6977 19.6977
1 19.6977 19.6977
1 19.6977 19.6977
1 19.7231 19.7231
1 19.7231 19.7231
1 19.7231 19.7231
1 19.7231 19.7231
1 19.7231 19.7231
1 19.799 19.799
1 19.799 19.799
1 19.799 19.799
1 19.799 19.799
1 19.8494 19.8494
1 19.8494 19.8494
1 19.9249 19.9249
1 19.9249 19.9249
1 20 20
1 20 20
1 20 20
1 20 20
1 20 20
1 20.025 20.025
1 20.025 20.025
1 20.025 20.025
1 20.025 20.025
1 20.025 20.025
1 20.025 20.025
1 20.025 20.025
1 20.025 20.025
1 20.0998 20.0998
1 20.0998 20.0998
1 20.0998 20.0998
1 20.0998 20.0998
1 20.0998 20.0998
1 20.1246 20.1246
1 20.1246 20.1246
1 20.1246 20.1246
1 20.1246 20.1246
1 20.1246 20.1246
1 9.48683 20.1246
1 20.2237 20.2237
1 20.2237 20.2237
1 20.2237 20.2237
1 20.2237 20.2237
1 20.2237 20.2237
1 20.2237 20.2237
1 20.2485 20.2485
1 20.2485 20.2485
1 20.2485 20.2485
1 20.2485 20.2485
1 20.2485 20.2485
1 20.2485 20.2485
1 20.2485 20.2485
1 20.2485 20.2485
1 20.2485 20.2485
1 20.2485 20.2485
1 20.2485 20.2485
1 20.2485 20.2485
1 20.2485 20.2485
1 20.2485 20.2485
1 20.2485 20.2485
1 20.2485 20.2485
1 20.2485 20.2485
1 20.3961 20.3961
1 20.3961 20.3961
1 20.3961 20.3961
1 20.3961 20.3961
1 20.3961 20.3961
1 20.3961 20.3961
1 20.5183 20.5183
1 20.5183 20.5183
1 20.5183 20.5183
1 20.5913 20.5913
1 20.5913 20.5913
1 20.6155 20.6155
1 20.6155 20.6155
1 20.6155 20.6155
1 20.6155 20.6155
1 20.6155 20.6155
1 20.6155 20.6155
1 20.6155 20.6155
1 20.6155 20.6155
1 20.6155 20.6155
1 20.6155 20.6155
1 20.6155 20.6155
1 20.6155 20.6155
1 20.6155 20.6155
1 20.6155 20.6155
1 20.6155 20.6155
1 20.6155 20.6155
1 20.6155 20.6155
1 20.6155 20.6155
1 20.6155 20.6155
1 20.6155 20.6155
1 20.6155 20.6155
1 20.6155 20.6155
1 20.6155 20.6155
1 20.6155 20.6155
1 20.8087 20.8087
1 20.8087 20.8087
1 20.8087 20.8087
1 20.8087 20.8087
1 20.8087 20.8087
1 20.8087 20.8087
1 20.8087 20.8087
1 20.8806 20.8806
1 20.8806 20.8806
1 20.8806 20.8806
1 20.8806 20.8806
1 20.8806 20.8806
1 20.8806 20.8806
1 21.0238 21.0238
1 21.0238 21.0238
1 21.0238 21.0238
1 21.0238 21.0238
1 21.0238 21.0238
1 21.0238 21.0238
1 21.0238 21.0238
1 21.0238 21.0238
1 21.0238 21.0238
1 21.0238 21.0238
1 21.0238 21.0238
1 21.0238 21.0238
1 21.0238 21.0238
1 21.095 21.095
1 21.095 21.095
1 21.095 21.095
1 21.095 21.095
1 21.095 21.095
1 21.095 21.095
1 21.095 21.095
1 21.095 21.095
1 21.095 21.095
1 21.095 21.095
1 21.095 21.095
1 21.095 21.095
1 21.095 21.095
1 21.095 21.095
1 21.095 21.095
1 21.1896 21.1896
1 21.1896 21.1896
1 21.1896 21.1896
1 21.1896 21.1896
1 21.1896 21.1896
1 21.1896 21.1896
1 21.1896 21.1896
1 21.2132 21.2132
1 21.2132 21.2132
1 21.2132 21.2132
1 21.2132 21.2132
1 21.2132 21.2132
1 21.2132 21.2132
1 21.2132 21.2132
1 21.2132 21.2132
1 21.2603 21.2603
1 21.2603 21.2603
1 21.2603 21.2603
1 21.2603 21.2603
1 21.2603 21.2603
1 21.2603 21.2603
1 21.3776 21.3776
1 21.3776 21.3776
1 21.3776 21.3776
1 21.3776 21.3776
1 21.3776 21.3776
1 21.3776 21.3776
1 21.3776 21.3776
1 21.4009 21.4009
1 21.4009 21.4009
1 21.4009 21.4009
1 21.4009 21.4009
1 21.4009 21.4009
1 21.4009 21.4009
1 21.4709 21.4709
1 21.4709 21.4709
1 21.4709 21.4709
1 21.4709 21.4709
1 21.4709 21.4709
1 21.4709 21.4709
1 21.4709 21.4709
1 21.5407 21.5407
1 21.5407 21.5407
1 21.5407 21.5407
1 21.5407 21.5407
1 21.5407 21.5407
1 21.5407 21.5407
1 21.5407 21.5407
1 21.5407 21.5407
1 21.5407 21.5407
1 21.587 21.587
1 21.587 21.587
1 21.587 21.587
1 21.587 21.587
1 21.587 21.587
1 21.587 21.587
1 21.587 21.587
1 21.587 21.587
1 21.587 21.587
1 21.587 21.587
1 21.587 21.587
1 21.587 21.587
1 21.6333 21.6333
1 21.6333 21.6333
1 21.6333 21.6333
1 21.6333 21.6333
1 21.6333 21.6333
1 21.8403 21.8403
1 21.8403 21.8403
1 21.8403 21.8403
1 21.8403 21.8403
1 21.8403 21.8403
1 21.8403 21.8403
1 21.8403 21.8403
1 21.8403 21.8403
1 21.8403 21.8403
1 21.9317 21.9317
1 21.9317 21.9317
1 21.9317 21.9317
1 21.9317 21.9317
1 21.9317 21.9317
1 21.9317 21.9317
1 21.9317 21.9317
1 21.9317 21.9317
1 21.9317 21.9317
1 21.9545 21.9545
1 21.9545 21.9545
1 21.9545 21.9545
1 21.9545 21.9545
1 21.9545 21.9545
1 21.9545 21.9545
1 21.9545 21.9545
1 21.9545 21.9545
1 22 22
1 22.0227 22.0227
1 22.0227 22.0227
1 22.0227 22.0227
1 22.0227 22.0227
1 22.0227 22.0227
1 22.0227 22.0227
1 22.0227 22.0227
1 22.0227 22.0227
1 22.0227 22.0227
1 22.0907 22.0907
1 22.0907 22.0907
1 22.0907 22.0907
1 22.0907 22.0907
1 22.0907 22.0907
1 22.0907 22.0907
1 22.0907 22.0907
1 22.1359 22.1359
1 22.1359 22.1359
1 22.1359 22.1359
1 22.1359 22.1359
1 22.1359 22.1359
1 22.2036 22.2036
1 22.2036 22.2036
1 22.2036 22.2036
1 22.2036 22.2036
1 22.2036 22.2036
1 22.2036 22.2036
1 22.2036 22.2036
1 22.2036 22.2036
1 22.2036 22.2036
1 22.2036 22.2036
1 22.2036 22.2036
1 22.3607 22.3607
1 22.3607 22.3607
1 22.3607 22.3607
1 22.3607 22.3607
1 22.3607 22.3607
1 22.3607 22.3607
1 22.3607 22.3607
1 22.3607 22.3607
1 22.3607 22.3607
1 22.3607 22.3607
1 22.3607 22.3607
1 22.4722 22.4722
1 22.4722 22.4722
1 22.4722 22.4722
1 22.4722 22.4722
1 22.4722 22.4722
1 22.4722 22.4722
1 22.4722 22.4722
1 22.4722 22.4722
1 22.4722 22.4722
1 22.4722 22.4722
1 22.4722 22.4722
1 22.4722 22.4722
1 22.561 22.561
1 22.561 22.561
1 22.561 22.561
1 22.561 22.561
1 22.561 22.561
1 22.6274 22.6274
1 22.6274 22.6274
1 22.6716 22.6716
1 22.6716 22.6716
1 22.6716 22.6716
1 22.8035 22.8035
1 22.8035 22.8035
1 22.8035 22.8035
1 22.8035 22.8035
1 22.8035 22.8035
1 22.8035 22.8035
1 22.8035 22.8035
1 22.8035 22.8035
1 22.8035 22.8035
1 22.8035 22.8035
1 22.8035 22.8035
1 22.8035 22.8035
1 22.8035 22.8035
1 22.8035 22.8035
1 22.8254 22.8254
1 22.8254 22.8254
1 22.8254 22.8254
1 22.8254 22.8254
1 22.8254 22.8254
1 22.8254 22.8254
1 22.8254 22.8254
1 22.8254 22.8254
1 22.8254 22.8254
1 22.8473 22.8473
1 22.8473 22.8473
1 22.8473 22.8473
1 22.8473 22.8473
1 22.8473 22.8473
1 22.8473 22.8473
1 23 23
1 23 23
1 23 23
1 23.0217 23.0217
1 23.0217 23.0217
1 23.0217 23.0217
1 23.0217 23.0217
1 23.0217 23.0217
1 23.0217 23.0217
1 23.0217 23.0217
1 23.0217 23.0217
1 23.0217 23.0217
1 23.0217 23.0217
1 23.0217 23.0217
1 23.0217 23.0217
1 23.0217 23.0217
1 23.0217 23.0217
1 23.0868 23.0868
1 23.0868 23.0868
1 23.0868 23.0868
1 23.0868 23.0868
1 23.0868 23.0868
1 23.0868 23.0868
1 23.0868 23.0868
1 23.0868 23.0868
1 23.0868 23.0868
1 23.0868 23.0868
1 23.0868 23.0868
1 23.0868 23.0868
1 23.0868 23.0868
1 23.0868 23.0868
1 23.1948 23.1948
1 23.1948 23.1948
1 23.1948 23.1948
1 23.1948 23.1948
1 23.1948 23.1948
1 23.1948 23.1948
1 23.1948 23.1948
1 23.1948 23.1948
1 23.1948 23.1948
1 23.2594 23.2594
1 23.2594 23.2594
1 23.2594 23.2594
1 23.2594 23.2594
1 23.2594 23.2594
1 23.3238 23.3238
1 23.3238 23.3238
1 23.3238 23.3238
1 23.3238 23.3238
1 23.3238 23.3238
1 23.3238 23.3238
1 23.3452 23.3452
1 23.3452 23.3452
1 23.3452 23.3452
1 23.3452 23.3452
1 23.3452 23.3452
1 23.3452 23.3452
1 23.4094 23.4094
1 23.4094 23.4094
1 23.4094 23.4094
1 23.4094 23.4094
1 23.4094 23.4094
1 23.4094 23.4094
1 23.4307 23.4307
1 23.4307 23.4307
1 23.4307 23.4307
1 23.4307 23.4307
1 23.5372 23.5372
1 23.5372 23.5372
1 23.5372 23.5372
1 23.5372 23.5372
1 23.6008 23.6008
1 23.6008 23.6008
1 23.6008 23.6008
1 23.7065 23.7065
1 23.7065 23.7065
1 23.7065 23.7065
1 23.7065 23.7065
1 23.7065 23.7065
1 23.7697 23.7697
1 23.7697 23.7697
1 23.7697 23.7697
1 23.7697 23.7697
1 23.7697 23.7697
1 23.7697 23.7697
1 23.7697 23.7697
1 23.7697 23.7697
1 23.7697 23.7697
1 23.7697 23.7697
1 23.8537 23.8537
1 23.8537 23.8537
1 23.8537 23.8537
1 23.8537 23.8537
1 23.8537 23.8537
1 24 24
1 24 24
1 24.0208 24.0208
1 24.0208 24.0208
1 24.0208 24.0208
1 24.0416 24.0416
1 24.0416 24.0416
1 24.0416 24.0416
1 24.0416 24.0416
1 24.0416 24.0416
1 24.0416 24.0416
1 24.0832 24.0832
1 24.0832 24.0832
1 24.1661 24.1661
1 24.1661 24.1661
1 24.1661 24.1661
1 24.1661 24.1661
1 24.1661 24.1661
1 24.1868 24.1868
1 24.1868 24.1868
1 24.1868 24.1868
1 24.1868 24.1868
1 24.1868 24.1868
1 24.1868 24.1868
1 24.1868 24.1868
1 24.1868 24.1868
1 24.1868 24.1868
1 24.1868 24.1868
1 24.1868 24.1868
1 24.1868 24.1868
1 24.1868 24.1868
1 24.1868 24.1868
1 24.1868 24.1868
1 24.2074 24.2074
1 24.2074 24.2074
1 24.2074 24.2074
1 24.2074 24.2074
1 24.2074 24.2074
1 24.3311 24.3311
1 24.3311 24.3311
1 24.3311 24.3311
1 24.3516 24.3516
1 24.4131 24.4131
1 24.5153 24.5153
1 24.5153 24.5153
1 24.5153 24.5153
1 24.5153 24.5153
1 24.5153 24.5153
1 24.5967 24.5967
1 24.5967 24.5967
1 24.5967 24.5967
1 24.6982 24.6982
1 24.6982 24.6982
1 24.6982 24.6982
1 24.6982 24.6982
1 24.6982 24.6982
1 24.6982 24.6982
1 24.6982 24.6982
1 24.6982 24.6982
1 24.6982 24.6982
1 24.7386 24.7386
1 24.7386 24.7386
1 24.7588 24.7588
1 24.7588 24.7588
1 24.7588 24.7588
1 24.7588 24.7588
1 24.8395 24.8395
1 24.8395 24.8395
1 24.8395 24.8395
1 24.8395 24.8395
1 24.8395 24.8395
1 24.8395 24.8395
1 24.8395 24.8395
1 24.8395 24.8395
1 24.8395 24.8395
1 25 25
1 25 25
1 25 25
1 25 25
1 25 25
1 25 25
1 25 25
1 25 25
1 25 25
1 25 25
1 25.02 25.02
1 25.02 25.02
1 25.02 25.02
1 25.02 25.02
1 25.02 25.02
1 25.02 25.02
1 25.02 25.02
1 25.02 25.02
1 25.02 25.02
1 25.02 25.02
1 25.0599 25.0599
1 25.0599 25.0599
1 25.0599 25.0599
1 25.0599 25.0599
1 25.0599 25.0599
1 25.0799 25.0799
1 25.0799 25.0799
1 25.0799 25.0799
1 25.0799 25.0799
1 25.0799 25.0799
1 25.0799 25.0799
1 25.0799 25.0799
1 25.0799 25.0799
1 25.0799 25.0799
1 25.0799 25.0799
1 25.0799 25.0799
1 25.0799 25.0799
1 25.0799 25.0799
1 25.0799 25.0799
1 25.0799 25.0799
1 25.0799 25.0799
1 25.0799 25.0799
1 25.1794 25.1794
1 25.2389 25.2389
1 25.2389 25.2389
1 25.2389 25.2389
1 25.2389 25.2389
1 25.2389 25.2389
1 25.2982 25.2982
1 25.2982 25.2982
1 25.2982 25.2982
1 25.2982 25.2982
1 25.2982 25.2982
1 25.2982 25.2982
1 25.2982 25.2982
1 25.318 25.318
1 25.318 25.318
1 25.318 25.318
1 25.318 25.318
1 25.318 25.318
1 25.318 25.318
1 25.318 25.318
1 25.4558 25.4558
1 25.4951 25.4951
1 25.4951 25.4951
1 25.4951 25.4951
1 25.4951 25.4951
1 25.4951 25.4951
1 25.4951 25.4951
1 25.4951 25.4951
1 25.4951 25.4951
1 25.4951 25.4951
1 25.4951 25.4951
1 25.4951 25.4951
1 25.4951 25.4951
1 25.4951 25.4951
1 25.5539 25.5539
1 25.5539 25.5539
1 25.5539 25.5539
1 25.5539 25.5539
1 25.5539 25.5539
1 25.5539 25.5539
1 25.6125 25.6125
1 25.632 25.632
1 25.632 25.632
1 25.632 25.632
1 25.632 25.632
1 25.632 25.632
1 25.7099 25.7099
1 25.7099 25.7099
1 25.7099 25.7099
1 25.7099 25.7099
1 25.7099 25.7099
1 25.807 25.807
1 25.807 25.807
1 25.807 25.807
1 25.9422 25.9422
1 25.9422 25.9422
1 25.9422 25.9422
1 25.9422 25.9422
1 25.9615 25.9615
1 25.9615 25.9615
1 25.9615 25.9615
1 26 26
1 26 26
1 26 26
1 26 26
1 26 26
1 26 26
1 26 26
1 26 26
1 26 26
1 26 26
1 26 26
1 26 26
1 26 26
1 26 26
1 26.0192 26.0192
1 26.0192 26.0192
1 26.0192 26.0192
1 26.0192 26.0192
1 26.0192 26.0192
1 26.0192 26.0192
1 26.0768 26.0768
1 26.0768 26.0768
1 26.0768 26.0768
1 26.0768 26.0768
1 26.0768 26.0768
1 26.0768 26.0768
1 26.0768 26.0768
1 26.0768 26.0768
1 26.0768 26.0768
1 26.0768 26.0768
1 26.1725 26.1725
1 26.1725 26.1725
1 26.1725 26.1725
1 26.1725 26.1725
1 26.1725 26.1725
1 26.1725 26.1725
1 26.1725 26.1725
1 26.1725 26.1725
1 26.1725 26.1725
1 26.1725 26.1725
1 26.2488 26.2488
1 26.2488 26.2488
1 26.2488 26.2488
1 26.2488 26.2488
1 26.2488 26.2488
1 26.2488 26.2488
1 26.2488 26.2488
1 26.2488 26.2488
1 26.2488 26.2488
1 26.2488 26.2488
1 26.2488 26.2488
1 26.2488 26.2488
1 26.2488 26.2488
1 26.3059 26.3059
1 26.3059 26.3059
1 26.3059 26.3059
1 26.4008 26.4008
1 26.4008 26.4008
1 26.4008 26.4008
1 26.4008 26.4008
1 26.4008 26.4008
1 26.4008 26.4008
1 26.4008 26.4008
1 26.4008 26.4008
1 26.4008 26.4008
1 26.4008 26.4008
1 26.4008 26.4008
1 26.4197 26.4197
1 26.4197 26.4197
1 26.4764 26.4764
1 26.4764 26.4764
1 26.4764 26.4764
1 26.5707 26.5707
1 26.5707 26.5707
1 26.5707 26.5707
1 26.5707 26.5707
1 26.6271 26.6271
1 26.6271 26.6271
1 26.6271 26.6271
1 26.6271 26.6271
1 26.6271 26.6271
1 26.6833 26.6833
1 26.6833 26.6833
1 26.6833 26.6833
1 26.6833 26.6833
1 26.6833 26.6833
1 26.8328 26.8328
1 26.8328 26.8328
1 26.8328 26.8328
1 26.8328 26.8328
1 26.8328 26.8328
1 26.8328 26.8328
1 26.8328 26.8328
1 26.8328 26.8328
1 26.8701 26.8701
1 26.8701 26.8701
1 26.8701 26.8701
1 26.8701 26.8701
1 26.8701 26.8701
1 26.9072 26.9072
1 26.9072 26.9072
1 26.9072 26.9072
1 26.9072 26.9072
1 26.9258 26.9258
1 26.9258 26.9258
1 26.9258 26.9258
1 26.9258 26.9258
1 26.9258 26.9258
1 26.9258 26.9258
1 26.9258 26.9258
1 26.9258 26.9258
1 26.9258 26.9258
1 26.9258 26.9258
1 26.9258 26.9258
1 26.9258 26.9258
1 26.9258 26.9258
1 26.9258 26.9258
1 26.9258 26.9258
1 27 27
1 27 27
1 27.0185 27.0185
1 27.0185 27.0185
1 27.0185 27.0185
1 27.0185 27.0185
1 27.0185 27.0185
1 27.0185 27.0185
1 27.0185 27.0185
1 27.0185 27.0185
1 27.0185 27.0185
1 27.0185 27.0185
1 27.074 27.074
1 27.074 27.074
1 27.074 27.074
1 27.074 27.074
1 27.074 27.074
1 27.074 27.074
1 27.074 27.074
1 27.074 27.074
1 27.074 27.074
1 27.074 27.074
1 27.1662 27.1662
1 27.1662 27.1662
1 27.1662 27.1662
1 27.1662 27.1662
1 27.1662 27.1662
1 27.1662 27.1662
1 27.2029 27.2029
1 27.2029 27.2029
1 27.2029 27.2029
1 27.2029 27.2029
1 27.2029 27.2029
1 27.2029 27.2029
1 27.2029 27.2029
1 27.2029 27.2029
1 27.2029 27.2029
1 27.2947 27.2947
1 27.2947 27.2947
1 27.2947 27.2947
1 27.2947 27.2947
1 27.2947 27.2947
1 27.2947 27.2947
1 27.2947 27.2947
1 27.2947 27.2947
1 27.313 27.313
1 27.313 27.313
1 27.313 27.313
1 27.313 27.313
1 27.313 27.313
1 27.313 27.313
1 27.4591 27.4591
1 27.4591 27.4591
1 27.4591 27.4591
1 27.4591 27.4591
1 27.4591 27.4591
1 27.4591 27.4591
1 27.4591 27.4591
1 27.4591 27.4591
1 27.4591 27.4591
1 27.4591 27.4591
1 27.5136 27.5136
1 27.5136 27.5136
1 27.5862 27.5862
1 27.5862 27.5862
1 27.6586 27.6586
1 27.6586 27.6586
1 27.6586 27.6586
1 27.6586 27.6586
1 27.6586 27.6586
1 27.6586 27.6586
1 27.6586 27.6586
1 27.6586 27.6586
1 27.6586 27.6586
1 27.7308 27.7308
1 27.7308 27.7308
1 27.7308 27.7308
1 27.7308 27.7308
1 27.7849 27.7849
1 27.7849 27.7849
1 27.7849 27.7849
1 27.7849 27.7849
1 27.7849 27.7849
1 27.7849 27.7849
1 27.7849 27.7849
1 27.7849 27.7849
1 27.8029 27.8029
1 27.8029 27.8029
1 27.8029 27.8029
1 27.8568 27.8568
1 27.8568 27.8568
1 27.8568 27.8568
1 27.8568 27.8568
1 27.8927 27.8927
1 27.8927 27.8927
1 27.8927 27.8927
1 27.8927 27.8927
1 27.8927 27.8927
1 27.8927 27.8927
1 27.8927 27.8927
1 27.8927 27.8927
1 28 28
1 28 28
1 28 28
1 28 28
1 28 28
1 28 28
1 28.0179 28.0179
1 28.0179 28.0179
1 28.0179 28.0179
1 28.0179 28.0179
1 28.0179 28.0179
1 28.0179 28.0179
1 28.0179 28.0179
1 28.0179 28.0179
1 28.0179 28.0179
1 28.0179 28.0179
1 28.0179 28.0179
1 28.0179 28.0179
1 28.0713 28.0713
1 28.0713 28.0713
1 28.0713 28.0713
1 28.0713 28.0713
1 28.0713 28.0713
1 28.0713 28.0713
1 28.0713 28.0713
1 28.0713 28.0713
1 28.1603 28.1603
1 28.1603 28.1603
1 28.1603 28.1603
1 28.1603 28.1603
1 28.1603 28.1603
1 28.1603 28.1603
1 28.1603 28.1603
1 28.1603 28.1603
1 28.1603 28.1603
1 28.178 28.178
1 28.178 28.178
1 28.178 28.178
1 28.178 28.178
1 28.178 28.178
1 28.178 28.178
1 28.178 28.178
1 28.2312 28.2312
1 28.2312 28.2312
1 28.2312 28.2312
1 28.2843 28.2843
1 28.2843 28.2843
1 28.2843 28.2843
1 28.2843 28.2843
1 28.2843 28.2843
1 28.2843 28.2843
1 28.2843 28.2843
1 28.2843 28.2843
1 28.2843 28.2843
1 28.2843 28.2843
1 28.2843 28.2843
1 28.3019 28.3019
1 28.3019 28.3019
1 28.3019 28.3019
1 28.3019 28.3019
1 28.3019 28.3019
1 28.3196 28.3196
1 28.3196 28.3196
1 28.3196 28.3196
1 28.3196 28.3196
1 28.3196 28.3196
1 28.3196 28.3196
1 28.3196 28.3196
1 28.4253 28.4253
1 28.4253 28.4253
1 28.4253 28.4253
1 28.4253 28.4253
1 28.4253 28.4253
1 28.4429 28.4429
1 28.4429 28.4429
1 28.4429 28.4429
1 28.4429 28.4429
1 28.4429 28.4429
1 28.4429 28.4429
1 28.4605 28.4605
1 28.4605 28.4605
1 28.4605 28.4605
1 28.4605 28.4605
1 28.4605 28.4605
1 28.4605 28.4605
1 28.6007 28.6007
1 28.6007 28.6007
1 28.6356 28.6356
1 28.6356 28.6356
1 28.6356 28.6356
1 28.6356 28.6356
1 28.6356 28.6356
1 28.6356 28.6356
1 28.6531 28.6531
1 28.6531 28.6531
1 28.6531 28.6531
1 28.6531 28.6531
1 28.6531 28.6531
1 28.6531 28.6531
1 28.6531 28.6531
1 28.6531 28.6531
1 28.6531 28.6531
1 28.7924 28.7924
1 28.7924 28.7924
1 28.7924 28.7924
1 28.7924 28.7924
1 28.7924 28.7924
1 28.8444 28.8444
1 28.8444 28.8444
1 28.8444 28.8444
1 28.8444 28.8444
1 28.8444 28.8444
1 28.8444 28.8444
1 28.8617 28.8617
1 28.8617 28.8617
1 29 29
1 29 29
1 29 29
1 29 29
1 29 29
1 29.0689 29.0689
1 29.0689 29.0689
1 29.0689 29.0689
1 29.0689 29.0689
1 29.0689 29.0689
1 29.0689 29.0689
1 29.0689 29.0689
1 29.0689 29.0689
1 29.0689 29.0689
1 29.0689 29.0689
1 29.0689 29.0689
1 29.0689 29.0689
1 29.0689 29.0689
1 29.1204 29.1204
1 29.1204 29.1204
1 29.1204 29.1204
1 29.1204 29.1204
1 29.1204 29.1204
1 29.1548 29.1548
1 29.1548 29.1548
1 29.1548 29.1548
1 29.1548 29.1548
1 29.1548 29.1548
1 29.1548 29.1548
1 29.1548 29.1548
1 29.1548 29.1548
1 29.1548 29.1548
1 29.1548 29.1548
1 29.1548 29.1548
1 29.1548 29.1548
1 29.2062 29.2062
1 29.2062 29.2062
1 29.2062 29.2062
1 29.2746 29.2746
1 29.2746 29.2746
1 29.2746 29.2746
1 29.2746 29.2746
1 29.4109 29.4109
1 29.4109 29.4109
1 29.4109 29.4109
1 29.4109 29.4109
1 29.4109 29.4109
1 29.4109 29.4109
1 29.4109 29.4109
1 29.4109 29.4109
1 29.4109 29.4109
1 29.4109 29.4109
1 29.4109 29.4109
1 29.4109 29.4109
1 29.4109 29.4109
1 29.4109 29.4109
1 29.4279 29.4279
1 29.4279 29.4279
1 29.4279 29.4279
1 29.4279 29.4279
1 29.4279 29.4279
1 29.5296 29.5296
1 29.5296 29.5296
1 29.5296 29.5296
1 29.5296 29.5296
1 29.5296 29.5296
1 29.5296 29.5296
1 29.5466 29.5466
1 29.5466 29.5466
1 29.5466 29.5466
1 29.5466 29.5466
1 29.5466 29.5466
1 29.5466 29.5466
1 29.5466 29.5466
1 29.6142 29.6142
1 29.6142 29.6142
1 29.6142 29.6142
1 29.6142 29.6142
1 29.6142 29.6142
1 29.6816 29.6816
1 29.6816 29.6816
1 29.6816 29.6816
1 29.6816 29.6816
1 29.6816 29.6816
1 29.6816 29.6816
1 29.6985 29.6985
1 29.7321 29.7321
1 29.7321 29.7321
1 29.7321 29.7321
1 29.7321 29.7321
1 29.7321 29.7321
1 29.7321 29.7321
1 29.7321 29.7321
1 29.7321 29.7321
1 29.7321 29.7321
1 29.7321 29.7321
1 29.7321 29.7321
1 29.7321 29.7321
1 29.7321 29.7321
1 29.8329 29.8329
1 29.8329 29.8329
1 29.8329 29.8329
1 29.8329 29.8329
1 29.8329 29.8329
1 29.8329 29.8329
1 29.8329 29.8329
1 29.9666 29.9666
1 29.9666 29.9666
1 29.9666 29.9666
1 30 30
1 30 30
1 30 30
1 30 30
1 30.0167 30.0167
1 30.0167 30.0167
1 30.0167 30.0167
1 30.0167 30.0167
1 30.0167 30.0167
1 30.0167 30.0167
1 30.0167 30.0167
1 30.0167 30.0167
1 30.0167 30.0167
1 30.0167 30.0167
1 30.0167 30.0167
1 30.0167 30.0167
1 30.0167 30.0167
1 30.0167 30.0167
1 30.0167 30.0167
1 30.0167 30.0167
1 30.0167 30.0167
1 30.0666 30.0666
1 30.0666 30.0666
1 30.0666 30.0666
1 30.0666 30.0666
1 30.0832 30.0832
1 30.0832 30.0832
1 30.0832 30.0832
1 30.0832 30.0832
1 30.0832 30.0832
1 30.1496 30.1496
1 30.1496 30.1496
1 30.2324 30.2324
1 30.2324 30.2324
1 30.2324 30.2324
1 30.2324 30.2324
1 30.2324 30.2324
1 30.2324 30.2324
1 30.2655 30.2655
1 30.2655 30.2655
1 30.2655 30.2655
1 30.2655 30.2655
1 30.2655 30.2655
1 30.3645 30.3645
1 30.3645 30.3645
1 30.3645 30.3645
1 30.4138 30.4138
1 30.4138 30.4138
1 30.4138 30.4138
1 30.4138 30.4138
1 30.4138 30.4138
1 30.4138 30.4138
1 30.4138 30.4138
1 30.4138 30.4138
1 30.4138 30.4138
1 30.4138 30.4138
1 30.4138 30.4138
1 30.4631 30.4631
1 30.4631 30.4631
1 30.4631 30.4631
1 30.4631 30.4631
1 30.4631 30.4631
1 30.4631 30.4631
1 30.4795 30.4795
1 30.4795 30.4795
1 30.4795 30.4795
1 30.4795 30.4795
1 30.5287 30.5287
1 30.5287 30.5287
1 30.5287 30.5287
1 30.5287 30.5287
1 30.5941 30.5941
1 30.5941 30.5941
1 30.5941 30.5941
1 30.5941 30.5941
1 30.5941 30.5941
1 30.5941 30.5941
1 30.5941 30.5941
1 30.6105 30.6105
1 30.6105 30.6105
1 30.6105 30.6105
1 30.6105 30.6105
1 30.6105 30.6105
1 30.6105 30.6105
1 30.6757 30.6757
1 30.6757 30.6757
1 30.8058 30.8058
1 30.8058 30.8058
1 30.8058 30.8058
1 30.8058 30.8058
1 30.8058 30.8058
1 30.8058 30.8058
1 30.8058 30.8058
1 30.8058 30.8058
1 30.8058 30.8058
1 30.8058 30.8058
1 30.8707 30.8707
1 30.8707 30.8707
1 30.8707 30.8707
1 30.8869 30.8869
1 30.8869 30.8869
1 30.8869 30.8869
1 30.8869 30.8869
1 31 31
1 31 31
1 31 31
1 31 31
1 31.0161 31.0161
1 31.0161 31.0161
1 31.0161 31.0161
1 31.0161 31.0161
1 31.0161 31.0161
1 31.0161 31.0161
1 31.0161 31.0161
1 31.0161 31.0161
1 31.0161 31.0161
1 31.0483 31.0483
1 31.0483 31.0483
1 31.0644 31.0644
1 31.0644 31.0644
1 31.0644 31.0644
1 31.0644 31.0644
1 31.0644 31.0644
1 31.1127 31.1127
1 31.1127 31.1127
1 31.1127 31.1127
1 31.1127 31.1127
1 31.1448 31.1448
1 31.1448 31.1448
1 31.1448 31.1448
1 31.1448 31.1448
1 31.1448 31.1448
1 31.1448 31.1448
1 31.1448 31.1448
1 31.241 31.241
1 31.241 31.241
1 31.241 31.241
1 31.241 31.241
1 31.241 31.241
1 31.257 31.257
1 31.257 31.257
1 31.305 31.305
1 31.305 31.305
1 31.305 31.305
1 31.305 31.305
1 31.3209 31.3209
1 31.3209 31.3209
1 31.3209 31.3209
1 31.3209 31.3209
1 31.3847 31.3847
1 31.3847 31.3847
1 31.3847 31.3847
1 31.3847 31.3847
1 31.3847 31.3847
1 31.3847 31.3847
1 31.3847 31.3847
1 31.3847 31.3847
1 31.3847 31.3847
1 31.4006 31.4006
1 31.4006 31.4006
1 31.4006 31.4006
1 31.4006 31.4006
1 31.4006 31.4006
1 31.4006 31.4006
1 31.4006 31.4006
1 31.4006 31.4006
1 31.4006 31.4006
1 31.4006 31.4006
1 31.5753 31.5753
1 31.5753 31.5753
1 31.5753 31.5753
1 31.5753 31.5753
1 31.5753 31.5753
1 31.5753 31.5753
1 31.6228 31.6228
1 31.6228 31.6228
1 31.6228 31.6228
1 31.6228 31.6228
1 31.6228 31.6228
1 31.6228 31.6228
1 31.6228 31.6228
1 31.7648 31.7648
1 31.7648 31.7648
1 31.7648 31.7648
1 31.7648 31.7648
1 31.7648 31.7648
1 31.7805 31.7805
1 31.7805 31.7805
1 31.7805 31.7805
1 31.7805 31.7805
1 31.7805 31.7805
1 31.7805 31.7805
1 31.8277 31.8277
1 31.8277 31.8277
1 31.8277 31.8277
1 31.8904 31.8904
1 31.8904 31.8904
1 31.9061 31.9061
1 31.9061 31.9061
1 31.9061 31.9061
1 31.9061 31.9061
1 31.9061 31.9061
1 31.9531 31.9531
1 31.9531 31.9531
1 32 32
1 32 32
1 32.0156 32.0156
1 32.0156 32.0156
1 32.0156 32.0156
1 32.0156 32.0156
1 32.0156 32.0156
1 32.0156 32.0156
1 32.0156 32.0156
1 32.0156 32.0156
1 32.0156 32.0156
1 32.0156 32.0156
1 32.0156 32.0156
1 32.0156 32.0156
1 32.0156 32.0156
1 32.0156 32.0156
1 32.0156 32.0156
1 32.0156 32.0156
1 32.0156 32.0156
1 32.0156 32.0156
1 32.0156 32.0156
1 32.0156 32.0156
1 32.0156 32.0156
1 32.0624 32.0624
1 32.0624 32.0624
1 32.0624 32.0624
1 32.1403 32.1403
1 32.1403 32.1403
1 32.1403 32.1403
1 32.1403 32.1403
1 32.2025 32.2025
1 32.2025 32.2025
1 32.2025 32.2025
1 32.2025 32.2025
1 32.2025 32.2025
1 32.2025 32.2025
1 32.2025 32.2025
1 32.2025 32.2025
1 32.2025 32.2025
1 32.2025 32.2025
1 32.2025 32.2025
1 32.2025 32.2025
1 32.2025 32.2025
1 32.249 32.249
1 32.249 32.249
1 32.249 32.249
1 32.249 32.249
1 32.249 32.249
1 32.28 32.28
1 32.28 32.28
1 32.311 32.311
1 32.311 32.311
1 32.311 32.311
1 32.311 32.311
1 32.3883 32.3883
1 32.45 32.45
1 32.5269 32.5269
1 32.5269 32.5269
1 32.5269 32.5269
1 32.5269 32.5269
1 32.5576 32.5576
1 32.5576 32.5576
1 32.5576 32.5576
1 32.5576 32.5576
1 32.5576 32.5576
1 32.5576 32.5576
1 32.5576 32.5576
1 32.5576 32.5576
1 32.5576 32.5576
1 32.5576 32.5576
1 32.5576 32.5576
1 32.5576 32.5576
1 32.5576 32.5576
1 32.573 32.573
1 32.573 32.573
1 32.573 32.573
1 32.573 32.573
1 32.6497 32.6497
1 32.6497 32.6497
1 32.6497 32.6497
1 32.6497 32.6497
1 32.6497 32.6497
1 32.6497 32.6497
1 32.6497 32.6497
1 32.6497 32.6497
1 32.6497 32.6497
1 32.6497 32.6497
1 32.6956 32.6956
1 32.6956 32.6956
1 32.6956 32.6956
1 32.6956 32.6956
1 32.7567 32.7567
1 32.7567 32.7567
1 32.7567 32.7567
1 32.7567 32.7567
1 32.7567 32.7567
1 32.7567 32.7567
1 32.8024 32.8024
1 32.8024 32.8024
1 32.8024 32.8024
1 32.8024 32.8024
1 32.8024 32.8024
1 32.8024 32.8024
1 32.8024 32.8024
1 32.8938 32.8938
1 32.8938 32.8938
1 32.8938 32.8938
1 32.8938 32.8938
1 32.8938 32.8938
1 32.8938 32.8938
1 32.8938 32.8938
1 33 33
1 33.0151 33.0151
1 33.0151 33.0151
1 33.0151 33.0151
1 33.0151 33.0151
1 33.0151 33.0151
1 33.0151 33.0151
1 33.0606 33.0606
1 33.0606 33.0606
1 33.0606 33.0606
1 33.1059 33.1059
1 33.1059 33.1059
1 33.1059 33.1059
1 33.1059 33.1059
1 33.1059 33.1059
1 33.121 33.121
1 33.121 33.121
1 33.121 33.121
1 33.121 33.121
1 33.1361 33.1361
1 33.1361 33.1361
1 33.1361 33.1361
1 33.1361 33.1361
1 33.2415 33.2415
1 33.2415 33.2415
1 33.2415 33.2415
1 33.2415 33.2415
1 33.2415 33.2415
1 33.2415 33.2415
1 33.2415 33.2415
1 33.2415 33.2415
1 33.2415 33.2415
1 33.2415 33.2415
1 33.2415 33.2415
1 33.2415 33.2415
1 33.2415 33.2415
1 33.2415 33.2415
1 33.2415 33.2415
1 33.2415 33.2415
1 33.2415 33.2415
1 33.2415 33.2415
1 33.2415 33.2415
1 33.2415 33.2415
1 33.2866 33.2866
1 33.2866 33.2866
1 33.2866 33.2866
1 33.2866 33.2866
1 33.2866 33.2866
1 33.3017 33.3017
1 33.3017 33.3017
1 33.3017 33.3017
1 33.3017 33.3017
1 33.3017 33.3017
1 33.3766 33.3766
1 33.3766 33.3766
1 33.3766 33.3766
1 33.4215 33.4215
1 33.4215 33.4215
1 33.4215 33.4215
1 33.4215 33.4215
1 33.541 33.541
1 33.541 33.541
1 33.541 33.541
1 33.541 33.541
1 33.541 33.541
1 33.6006 33.6006
1 33.6006 33.6006
1 33.6006 33.6006
1 33.6155 33.6155
1 33.6155 33.6155
1 33.6155 33.6155
1 33.6155 33.6155
1 33.6155 33.6155
1 33.6155 33.6155
1 33.6155 33.6155
1 33.6155 33.6155
1 33.6155 33.6155
1 33.7343 33.7343
1 33.7343 33.7343
1 33.8378 33.8378
1 33.8378 33.8378
1 33.8378 33.8378
1 33.8378 33.8378
1 33.8378 33.8378
1 33.8378 33.8378
1 33.8378 33.8378
1 33.8378 33.8378
1 33.8378 33.8378
1 33.9411 33.9411
1 33.9411 33.9411
1 33.9411 33.9411
1 33.9559 33.9559
1 33.9559 33.9559
1 33.9559 33.9559
1 33.9706 33.9706
1 33.9706 33.9706
1 33.9706 33.9706
1 34 34
1 34 34
1 34 34
1 34 34
1 34 34
1 34 34
1 34.0147 34.0147
1 34.0147 34.0147
1 34.0147 34.0147
1 34.0588 34.0588
1 34.0588 34.0588
1 34.0588 34.0588
1 34.0588 34.0588
1 34.0588 34.0588
1 34.0588 34.0588
1 34.0588 34.0588
1 34.0588 34.0588
1 34.1321 34.1321
1 34.1321 34.1321
1 34.1321 34.1321
1 34.1321 34.1321
1 34.176 34.176
1 34.176 34.176
1 34.176 34.176
1 34.176 34.176
1 34.2053 34.2053
1 34.2053 34.2053
1 34.2053 34.2053
1 34.2345 34.2345
1 34.2345 34.2345
1 34.2345 34.2345
1 34.2345 34.2345
1 34.3657 34.3657
1 34.3657 34.3657
1 34.3657 34.3657
1 34.3657 34.3657
1 34.3657 34.3657
1 34.3657 34.3657
1 34.4093 34.4093
1 34.4093 34.4093
1 34.4093 34.4093
1 34.4384 34.4384
1 34.4384 34.4384
1 34.4384 34.4384
1 34.4384 34.4384
1 34.4384 34.4384
1 34.4384 34.4384
1 34.4819 34.4819
1 34.4819 34.4819
1 34.4819 34.4819
1 34.4819 34.4819
1 34.4819 34.4819
1 34.5254 34.5254
1 34.5254 34.5254
1 34.5254 34.5254
1 34.5398 34.5398
1 34.5398 34.5398
1 34.6554 34.6554
1 34.6554 34.6554
1 34.6554 34.6554
1 34.6699 34.6699
1 34.6699 34.6699
1 34.6699 34.6699
1 34.6699 34.6699
1 34.6699 34.6699
1 34.7131 34.7131
1 34.7131 34.7131
1 34.7131 34.7131
1 34.7131 34.7131
1 34.7131 34.7131
1 34.7131 34.7131
1 34.7131 34.7131
1 34.7131 34.7131
1 34.7131 34.7131
1 34.7131 34.7131
1 34.7851 34.7851
1 34.7851 34.7851
1 34.7851 34.7851
1 34.7851 34.7851
1 34.7851 34.7851
1 34.7851 34.7851
1 34.8281 34.8281
1 34.8281 34.8281
1 34.8281 34.8281
1 34.8281 34.8281
1 34.8855 34.8855
1 34.8855 34.8855
1 34.9285 34.9285
1 34.9285 34.9285
1 34.9285 34.9285
1 34.9285 34.9285
1 34.9285 34.9285
1 34.9285 34.9285
1 34.9285 34.9285
1 34.9285 34.9285
1 34.9857 34.9857
1 34.9857 34.9857
1 34.9857 34.9857
1 34.9857 34.9857
1 34.9857 34.9857
1 34.9857 34.9857
1 35 35
1 35 35
1 35 35
1 35 35
1 35.0143 35.0143
1 35.0143 35.0143
1 35.0143 35.0143
1 35.0143 35.0143
1 35.0571 35.0571
1 35.0571 35.0571
1 35.0571 35.0571
1 35.0571 35.0571
1 35.0571 35.0571
1 35.0571 35.0571
1 35.1141 35.1141
1 35.1141 35.1141
1 35.1141 35.1141
1 35.1141 35.1141
1 35.1141 35.1141
1 35.1141 35.1141
1 35.1141 35.1141
1 35.1141 35.1141
1 35.1141 35.1141
1 35.1283 35.1283
1 35.1283 35.1283
1 35.1283 35.1283
1 35.171 35.171
1 35.171 35.171
1 35.171 35.171
1 35.171 35.171
1 35.171 35.171
1 35.171 35.171
1 35.2278 35.2278
1 35.2278 35.2278
1 35.2278 35.2278
1 35.2278 35.2278
1 35.2278 35.2278
1 35.2278 35.2278
1 35.3412 35.3412
1 35.3412 35.3412
1 35.3412 35.3412
1 35.3412 35.3412
1 35.3553 35.3553
1 35.3553 35.3553
1 35.3553 35.3553
1 35.3836 35.3836
1 35.3836 35.3836
1 35.3836 35.3836
1 35.3836 35.3836
1 35.4401 35.4401
1 35.4401 35.4401
1 35.4401 35.4401
1 35.4683 35.4683
1 35.4683 35.4683
1 35.4683 35.4683
1 35.4683 35.4683
1 35.4683 35.4683
1 35.4683 35.4683
1 35.4683 35.4683
1 35.5106 35.5106
1 35.5106 35.5106
1 35.5106 35.5106
1 35.5106 35.5106
1 35.5106 35.5106
1 35.5106 35.5106
1 35.5106 35.5106
1 35.5106 35.5106
1 35.609 35.609
1 35.609 35.609
1 35.609 35.609
1 35.6931 35.6931
1 35.6931 35.6931
1 35.6931 35.6931
1 35.6931 35.6931
1 35.6931 35.6931
1 35.7351 35.7351
1 35.7351 35.7351
1 35.7351 35.7351
1 35.7771 35.7771
1 35.7771 35.7771
1 35.7771 35.7771
1 35.805 35.805
1 35.805 35.805
1 35.805 35.805
1 35.805 35.805
1 35.8469 35.8469
1 35.8469 35.8469
1 35.8469 35.8469
1 35.8469 35.8469
1 35.8469 35.8469
1 35.8469 35.8469
1 35.8469 35.8469
1 35.8469 35.8469
1 35.8469 35.8469
1 35.8469 35.8469
1 35.8469 35.8469
1 35.8469 35.8469
1 35.8469 35.8469
1 35.8469 35.8469
1 35.8469 35.8469
1 35.8469 35.8469
1 35.8469 35.8469
1 35.8469 35.8469
1 35.9026 35.9026
1 35.9026 35.9026
1 36.0139 36.0139
1 36.0139 36.0139
1 36.0139 36.0139
1 36.0139 36.0139
1 36.0139 36.0139
1 36.0139 36.0139
1 36.0139 36.0139
1 36.0555 36.0555
1 36.0555 36.0555
1 36.0555 36.0555
1 36.0555 36.0555
1 36.0555 36.0555
1 36.0555 36.0555
1 36.0555 36.0555
1 36.0555 36.0555
1 36.0555 36.0555
1 36.0694 36.0694
1 36.0694 36.0694
1 36.0694 36.0694
1 36.1248 36.1248
1 36.1248 36.1248
1 36.1248 36.1248
1 36.1248 36.1248
1 36.1248 36.1248
1 36.1248 36.1248
1 36.1248 36.1248
1 36.1386 36.1386
1 36.1386 36.1386
1 36.1386 36.1386
1 36.1386 36.1386
1 36.1386 36.1386
1 36.1386 36.1386
1 36.2215 36.2215
1 36.2215 36.2215
1 36.2215 36.2215
1 36.2353 36.2353
1 36.2353 36.2353
1 36.2353 36.2353
1 36.2353 36.2353
1 36.2353 36.2353
1 36.2353 36.2353
1 36.2353 36.2353
1 36.2353 36.2353
1 36.2353 36.2353
1 36.2353 36.2353
1 36.2353 36.2353
1 36.2491 36.2491
1 36.2491 36.2491
1 36.3456 36.3456
1 36.3456 36.3456
1 36.3456 36.3456
1 36.3593 36.3593
1 36.3593 36.3593
1 36.4005 36.4005
1 36.4005 36.4005
1 36.4005 36.4005
1 36.4005 36.4005
1 36.4005 36.4005
1 36.4005 36.4005
1 36.4005 36.4005
1 36.4005 36.4005
1 36.4966 36.4966
1 36.4966 36.4966
1 36.4966 36.4966
1 36.4966 36.4966
1 36.6197 36.6197
1 36.6197 36.6197
1 36.6742 36.6742
1 36.6742 36.6742
1 36.6742 36.6742
1 36.6879 36.6879
1 36.6879 36.6879
1 36.7151 36.7151
1 36.7151 36.7151
1 36.7151 36.7151
1 36.7151 36.7151
1 36.7696 36.7696
1 36.7696 36.7696
1 36.7696 36.7696
1 36.7696 36.7696
1 36.7696 36.7696
1 36.7967 36.7967
1 36.7967 36.7967
1 36.7967 36.7967
1 36.7967 36.7967
1 36.7967 36.7967
1 36.8782 36.8782
1 36.8782 36.8782
1 36.8782 36.8782
1 36.8782 36.8782
1 36.8782 36.8782
1 36.8782 36.8782
1 36.8917 36.8917
1 36.8917 36.8917
1 37 37
1 37 37
1 37.0135 37.0135
1 37.0135 37.0135
1 37.0135 37.0135
1 37.0135 37.0135
1 37.0135 37.0135
1 37.0135 37.0135
1 37.0135 37.0135
1 37.0135 37.0135
1 37.054 37.054
1 37.054 37.054
1 37.054 37.054
1 37.054 37.054
1 37.054 37.054
1 37.108 37.108
1 37.108 37.108
1 37.108 37.108
1 37.1214 37.1214
1 37.1214 37.1214
1 37.1214 37.1214
1 37.1214 37.1214
1 37.1618 37.1618
1 37.1618 37.1618
1 37.1618 37.1618
1 37.1618 37.1618
1 37.1618 37.1618
1 37.2022 37.2022
1 37.2022 37.2022
1 37.2156 37.2156
1 37.2156 37.2156
1 37.2156 37.2156
1 37.2156 37.2156
1 37.2156 37.2156
1 37.3363 37.3363
1 37.3363 37.3363
1 37.3631 37.3631
1 37.4433 37.4433
1 37.4433 37.4433
1 37.4433 37.4433
1 37.4833 37.4833
1 37.4833 37.4833
1 37.4833 37.4833
1 37.4833 37.4833
1 37.4833 37.4833
1 37.4833 37.4833
1 37.5366 37.5366
1 37.5366 37.5366
1 37.5366 37.5366
1 37.5366 37.5366
1 37.5366 37.5366
1 37.5766 37.5766
1 37.5766 37.5766
1 37.5766 37.5766
1 37.5899 37.5899
1 37.6431 37.6431
1 37.6431 37.6431
1 37.6431 37.6431
1 37.6431 37.6431
1 37.6431 37.6431
1 37.6431 37.6431
1 37.6431 37.6431
1 37.6431 37.6431
1 37.6431 37.6431
1 37.6563 37.6563
1 37.6563 37.6563
1 37.6563 37.6563
1 37.6962 37.6962
1 37.6962 37.6962
1 37.6962 37.6962
1 37.7359 37.7359
1 37.7359 37.7359
1 37.8021 37.8021
1 37.8021 37.8021
1 37.8021 37.8021
1 37.8021 37.8021
1 37.855 37.855
1 37.855 37.855
1 37.855 37.855
1 37.855 37.855
1 37.9473 37.9473
1 37.9473 37.9473
1 37.9473 37.9473
1 37.9473 37.9473
1 38 38
1 38 38
1 38 38
1 38.0132 38.0132
1 38.0132 38.0132
1 38.0132 38.0132
1 38.0132 38.0132
1 38.0132 38.0132
1 38.0132 38.0132
1 38.0132 38.0132
1 38.0132 38.0132
1 38.0132 38.0132
1 38.0526 38.0526
1 38.0526 38.0526
1 38.0789 38.0789
1 38.0789 38.0789
1 38.0789 38.0789
1 38.0789 38.0789
1 38.0789 38.0789
1 38.0789 38.0789
1 38.0789 38.0789
1 38.0789 38.0789
1 38.0789 38.0789
1 38.0789 38.0789
1 38.0789 38.0789
1 38.0789 38.0789
1 38.1182 38.1182
1 38.1182 38.1182
1 38.1838 38.1838
1 38.1838 38.1838
1 38.1838 38.1838
1 38.1838 38.1838
1 38.2099 38.2099
1 38.2099 38.2099
1 38.2099 38.2099
1 38.2099 38.2099
1 38.2099 38.2099
1 38.2099 38.2099
1 38.2099 38.2099
1 38.2099 38.2099
1 38.2753 38.2753
1 38.2753 38.2753
1 38.2753 38.2753
1 38.2753 38.2753
1 38.2753 38.2753
1 38.2753 38.2753
1 38.2884 38.2884
1 38.2884 38.2884
1 38.2884 38.2884
1 38.2884 38.2884
1 38.3275 38.3275
1 38.3275 38.3275
1 38.3275 38.3275
1 38.3275 38.3275
1 38.3275 38.3275
1 38.4187 38.4187
1 38.4187 38.4187
1 38.4187 38.4187
1 38.4708 38.4708
1 38.4708 38.4708
1 38.4708 38.4708
1 38.4708 38.4708
1 38.4708 38.4708
1 38.4708 38.4708
1 38.4708 38.4708
1 38.4838 38.4838
1 38.4838 38.4838
1 38.5876 38.5876
1 38.5876 38.5876
1 38.5876 38.5876
1 38.6005 38.6005
1 38.6005 38.6005
1 38.6005 38.6005
1 38.6005 38.6005
1 38.6005 38.6005
1 38.6005 38.6005
1 38.6005 38.6005
1 38.6264 38.6264
1 38.6394 38.6394
1 38.833 38.833
1 38.833 38.833
1 38.8973 38.8973
1 38.8973 38.8973
1 38.8973 38.8973
1 38.8973 38.8973
1 38.8973 38.8973
1 38.8973 38.8973
1 38.8973 38.8973
1 38.8973 38.8973
1 38.9102 38.9102
1 38.9102 38.9102
1 38.9487 38.9487
1 38.9487 38.9487
1 38.9487 38.9487
1 38.9487 38.9487
1 38.9487 38.9487
1 38.9487 38.9487
1 38.9487 38.9487
1 39 39
1 39 39
1 39 39
1 39 39
1 39 39
1 39 39
1 39.0128 39.0128
1 39.0128 39.0128
1 39.0128 39.0128
1 39.0512 39.0512
1 39.0512 39.0512
1 39.0512 39.0512
1 39.0512 39.0512
1 39.0512 39.0512
1 39.0512 39.0512
1 39.0512 39.0512
1 39.1152 39.1152
1 39.1152 39.1152
1 39.1152 39.1152
1 39.1152 39.1152
1 39.1152 39.1152
1 39.1152 39.1152
1 39.1152 39.1152
1 39.2173 39.2173
1 39.2173 39.2173
1 39.2173 39.2173
1 39.2173 39.2173
1 39.2173 39.2173
1 39.2938 39.2938
1 39.2938 39.2938
1 39.2938 39.2938
1 39.2938 39.2938
1 39.3192 39.3192
1 39.3192 39.3192
1 39.3192 39.3192
1 39.3573 39.3573
1 39.3573 39.3573
1 39.3573 39.3573
1 39.3954 39.3954
1 39.3954 39.3954
1 39.3954 39.3954
1 39.3954 39.3954
1 39.3954 39.3954
1 39.3954 39.3954
1 39.4081 39.4081
1 39.4081 39.4081
1 39.4081 39.4081
1 39.4081 39.4081
1 39.4081 39.4081
1 39.4081 39.4081
1 39.4462 39.4462
1 39.4462 39.4462
1 39.4462 39.4462
1 39.4462 39.4462
1 39.4462 39.4462
1 39.4588 39.4588
1 39.4588 39.4588
1 39.5601 39.5601
1 39.5601 39.5601
1 39.5601 39.5601
1 39.5601 39.5601
1 39.5601 39.5601
1 39.5601 39.5601
1 39.5601 39.5601
1 39.598 39.598
1 39.6232 39.6232
1 39.6232 39.6232
1 39.6611 39.6611
1 39.6611 39.6611
1 39.6611 39.6611
1 39.8121 39.8121
1 39.8121 39.8121
1 39.8121 39.8121
1 39.8121 39.8121
1 39.8121 39.8121
1 39.8246 39.8246
1 39.8246 39.8246
1 39.8246 39.8246
1 39.8246 39.8246
1 39.8246 39.8246
1 39.8497 39.8497
1 39.9249 39.9249
1 39.9249 39.9249
1 39.9625 39.9625
1 39.9625 39.9625
1 39.9625 39.9625
1 39.9625 39.9625
1 39.9625 39.9625
1 40 40
1 40.0125 40.0125
1 40.0125 40.0125
1 40.0125 40.0125
1 40.0125 40.0125
1 40.0125 40.0125
1 40.0125 40.0125
1 40.025 40.025
1 40.025 40.025
1 40.025 40.025
1 40.05 40.05
1 40.1123 40.1123
1 40.1123 40.1123
1 40.1622 40.1622
1 40.1995 40.1995
1 40.1995 40.1995
1 40.1995 40.1995
1 40.1995 40.1995
1 40.2244 40.2244
1 40.2244 40.2244
1 40.2244 40.2244
1 40.2492 40.2492
1 40.2492 40.2492
1 40.2492 40.2492
1 40.2492 40.2492
1 40.2616 40.2616
1 40.3113 40.3113
1 40.3113 40.3113
1 40.3113 40.3113
1 40.3113 40.3113
1 40.3113 40.3113
1 40.3113 40.3113
1 40.3113 40.3113
1 40.3113 40.3113
1 40.3113 40.3113
1 40.3113 40.3113
1 40.3113 40.3113
1 40.3113 40.3113
1 40.3609 40.3609
1 40.3609 40.3609
1 40.3609 40.3609
1 40.3609 40.3609
1 40.3609 40.3609
1 40.3609 40.3609
1 40.3609 40.3609
1 40.3609 40.3609
1 40.4475 40.4475
1 40.4475 40.4475
1 40.4599 40.4599
1 40.4599 40.4599
1 40.4969 40.4969
1 40.4969 40.4969
1 40.4969 40.4969
1 40.4969 40.4969
1 40.4969 40.4969
1 40.4969 40.4969
1 40.5216 40.5216
1 40.5216 40.5216
1 40.5216 40.5216
1 40.6079 40.6079
1 40.6079 40.6079
1 40.6079 40.6079
1 40.6079 40.6079
1 40.6079 40.6079
1 40.7063 40.7063
1 40.7063 40.7063
1 40.7063 40.7063
1 40.7063 40.7063
1 40.7063 40.7063
1 40.7185 40.7185
1 40.7185 40.7185
1 40.7922 40.7922
1 40.7922 40.7922
1 40.8044 40.8044
1 40.8044 40.8044
1 40.8044 40.8044
1 40.8044 40.8044
1 40.8044 40.8044
1 40.8044 40.8044
1 40.8044 40.8044
1 40.8044 40.8044
1 40.8044 40.8044
1 40.8044 40.8044
1 40.8044 40.8044
1 40.8167 40.8167
1 40.8534 40.8534
1 40.8534 40.8534
1 40.8534 40.8534
1 41 41
1 41 41
1 41 41
1 41 41
1 41 41
1 41.0122 41.0122
1 41.0122 41.0122
1 41.0122 41.0122
1 41.0122 41.0122
1 41.0122 41.0122
1 41.0366 41.0366
1 41.0366 41.0366
1 41.0366 41.0366
1 41.0488 41.0488
1 41.0488 41.0488
1 41.0488 41.0488
1 41.0488 41.0488
1 41.1096 41.1096
1 41.1096 41.1096
1 41.1096 41.1096
1 41.1096 41.1096
1 41.1096 41.1096
1 41.1096 41.1096
1 41.1096 41.1096
1 41.1096 41.1096
1 41.1461 41.1461
1 41.1461 41.1461
1 41.1461 41.1461
1 41.1461 41.1461
1 41.1461 41.1461
1 41.1461 41.1461
1 41.1825 41.1825
1 41.1825 41.1825
1 41.1947 41.1947
1 41.1947 41.1947
1 41.2311 41.2311
1 41.2311 41.2311
1 41.2311 41.2311
1 41.2311 41.2311
1 41.2311 41.2311
1 41.2311 41.2311
1 41.2311 41.2311
1 41.2311 41.2311
1 41.2311 41.2311
1 41.2311 41.2311
1 41.3038 41.3038
1 41.3038 41.3038
1 41.3401 41.3401
1 41.3401 41.3401
1 41.3401 41.3401
1 41.3401 41.3401
1 41.3401 41.3401
1 41.4005 41.4005
1 41.4005 41.4005
1 41.4005 41.4005
1 41.4005 41.4005
1 41.4367 41.4367
1 41.4367 41.4367
1 41.4367 41.4367
1 41.4367 41.4367
1 41.4367 41.4367
1 41.4367 41.4367
1 41.4367 41.4367
1 41.4849 41.4849
1 41.5933 41.5933
1 41.5933 41.5933
1 41.5933 41.5933
1 41.5933 41.5933
1 41.5933 41.5933
1 41.5933 41.5933
1 41.6173 41.6173
1 41.6173 41.6173
1 41.6293 41.6293
1 41.6293 41.6293
1 41.6773 41.6773
1 41.6773 41.6773
1 41.7253 41.7253
1 41.7253 41.7253
1 41.7612 41.7612
1 41.7612 41.7612
1 41.7732 41.7732
1 41.7732 41.7732
1 41.7732 41.7732
1 41.7732 41.7732
1 41.7852 41.7852
1 41.7852 41.7852
1 41.7852 41.7852
1 41.8688 41.8688
1 41.8688 41.8688
1 41.8688 41.8688
1 41.8688 41.8688
1 41.8808 41.8808
1 41.8808 41.8808
1 41.9762 41.9762
1 41.9762 41.9762
1 42 42
1 42 42
1 42.0119 42.0119
1 42.0119 42.0119
1 42.0119 42.0119
1 42.0119 42.0119
1 42.0119 42.0119
1 42.0119 42.0119
1 42.0119 42.0119
1 42.0119 42.0119
1 42.0476 42.0476
1 42.0476 42.0476
1 42.0476 42.0476
1 42.0476 42.0476
1 42.0476 42.0476
1 42.0476 42.0476
1 42.0476 42.0476
1 42.0476 42.0476
1 42.0595 42.0595
1 42.0595 42.0595
1 42.0595 42.0595
1 42.0595 42.0595
1 42.0595 42.0595
1 42.0595 42.0595
1 42.107 42.107
1 42.1545 42.1545
1 42.1545 42.1545
1 42.19 42.19
1 42.19 42.19
1 42.19 42.19
1 42.19 42.19
1 42.19 42.19
1 42.2019 42.2019
1 42.2019 42.2019
1 42.2019 42.2019
1 42.3792 42.3792
1 42.3792 42.3792
1 42.3792 42.3792
1 42.3792 42.3792
1 42.3792 42.3792
1 42.3792 42.3792
1 42.4264 42.4264
1 42.4264 42.4264
1 42.4264 42.4264
1 42.4264 42.4264
1 42.4382 42.4382
1 42.4382 42.4382
1 42.45 42.45
1 42.45 42.45
1 42.45 42.45
1 42.45 42.45
1 42.45 42.45
1 42.45 42.45
1 42.45 42.45
1 42.45 42.45
1 42.4853 42.4853
1 42.4853 42.4853
1 42.4853 42.4853
1 42.5206 42.5206
1 42.5206 42.5206
1 42.5206 42.5206
1 42.5441 42.5441
1 42.5441 42.5441
1 42.5441 42.5441
1 42.5441 42.5441
1 42.5793 42.5793
1 42.5793 42.5793
1 42.638 42.638
1 42.638 42.638
1 42.638 42.638
1 42.638 42.638
1 42.638 42.638
1 42.638 42.638
1 42.72 42.72
1 42.72 42.72
1 42.72 42.72
1 42.72 42.72
1 42.72 42.72
1 42.72 42.72
1 42.72 42.72
1 42.7551 42.7551
1 42.7551 42.7551
1 42.7551 42.7551
1 42.8019 42.8019
1 42.9418 42.9418
1 42.9418 42.9418
1 42.9418 42.9418
1 42.9418 42.9418
1 42.9535 42.9535
1 42.9535 42.9535
1 42.9535 42.9535
1 42.9535 42.9535
1 42.9535 42.9535
1 42.9535 42.9535
1 42.9535 42.9535
1 42.9535 42.9535
1 43 43
1 43 43
1 43.0116 43.0116
1 43.0116 43.0116
1 43.0116 43.0116
1 43.0116 43.0116
1 43.0116 43.0116
1 43.0116 43.0116
1 43.0116 43.0116
1 43.0116 43.0116
1 43.0116 43.0116
1 43.0116 43.0116
1 43.0116 43.0116
1 43.0465 43.0465
1 43.0465 43.0465
1 43.0465 43.0465
1 43.0813 43.0813
1 43.1045 43.1045
1 43.1045 43.1045
1 43.1045 43.1045
1 43.1393 43.1393
1 43.1741 43.1741
1 43.1741 43.1741
1 43.1741 43.1741
1 43.1741 43.1741
1 43.1856 43.1856
1 43.1856 43.1856
1 43.1856 43.1856
1 43.1856 43.1856
1 43.1856 43.1856
1 43.2666 43.2666
1 43.2666 43.2666
1 43.2666 43.2666
1 43.2666 43.2666
1 43.2782 43.2782
1 43.2782 43.2782
1 43.2782 43.2782
1 43.2782 43.2782
1 43.2897 43.2897
1 43.3244 43.3244
1 43.3244 43.3244
1 43.382 43.382
1 43.4166 43.4166
1 43.4166 43.4166
1 43.4166 43.4166
1 43.4166 43.4166
1 43.4166 43.4166
1 43.4166 43.4166
1 43.4166 43.4166
1 43.4166 43.4166
1 43.4626 43.4626
1 43.566 43.566
1 43.566 43.566
1 43.566 43.566
1 43.6005 43.6005
1 43.6005 43.6005
1 43.6005 43.6005
1 43.6807 43.6807
1 43.7379 43.7379
1 43.7379 43.7379
1 43.7379 43.7379
1 43.8292 43.8292
1 43.8292 43.8292
1 43.8292 43.8292
1 43.8406 43.8406
1 43.8634 43.8634
1 43.8634 43.8634
1 43.8634 43.8634
1 43.8634 43.8634
1 43.8634 43.8634
1 43.8634 43.8634
1 43.909 43.909
1 43.909 43.909
1 43.909 43.909
1 43.9318 43.9318
1 43.9318 43.9318
1 43.9318 43.9318
1 43.9318 43.9318
1 43.9318 43.9318
1 43.9318 43.9318
1 43.9659 43.9659
1 43.9659 43.9659
1 43.9659 43.9659
1 44 44
1 44.0114 44.0114
1 44.0114 44.0114
1 44.0114 44.0114
1 44.0114 44.0114
1 44.0114 44.0114
1 44.0454 44.0454
1 44.0454 44.0454
1 44.0454 44.0454
1 44.1022 44.1022
1 44.1022 44.1022
1 44.1022 44.1022
1 44.1022 44.1022
1 44.1475 44.1475
1 44.1475 44.1475
1 44.1475 44.1475
1 44.1475 44.1475
1 44.2041 44.2041
1 44.2041 44.2041
1 44.2719 44.2719
1 44.2719 44.2719
1 44.2832 44.2832
1 44.2832 44.2832
1 44.2832 44.2832
1 44.2832 44.2832
1 44.2832 44.2832
1 44.2832 44.2832
1 44.2945 44.2945
1 44.2945 44.2945
1 44.2945 44.2945
1 44.3847 44.3847
1 44.3847 44.3847
1 44.3847 44.3847
1 44.4072 44.4072
1 44.4072 44.4072
1 44.4072 44.4072
1 44.4072 44.4072
1 44.5533 44.5533
1 44.5533 44.5533
1 44.5982 44.5982
1 44.5982 44.5982
1 44.5982 44.5982
1 44.643 44.643
1 44.643 44.643
1 44.6542 44.6542
1 44.6878 44.6878
1 44.6878 44.6878
1 44.6878 44.6878
1 44.6878 44.6878
1 44.7214 44.7214
1 44.7214 44.7214
1 44.7214 44.7214
1 44.8219 44.8219
1 44.911 44.911
1 44.911 44.911
1 44.9222 44.9222
1 44.9222 44.9222
1 44.9222 44.9222
1 44.9444 44.9444
1 45 45
1 45 45
1 45 45
1 45 45
1 45.0111 45.0111
1 45.0111 45.0111
1 45.0111 45.0111
1 45.0111 45.0111
1 45.0444 45.0444
1 45.0999 45.0999
1 45.0999 45.0999
1 45.1221 45.1221
1 45.1221 45.1221
1 45.1221 45.1221
1 45.1774 45.1774
1 45.1774 45.1774
1 45.1774 45.1774
1 45.1885 45.1885
1 45.1885 45.1885
1 45.2217 45.2217
1 45.2217 45.2217
1 45.2769 45.2769
1 45.2769 45.2769
1 45.2769 45.2769
1 45.2769 45.2769
1 45.2769 45.2769
1 45.2769 45.2769
1 45.2769 45.2769
1 45.2769 45.2769
1 45.31 45.31
1 45.3431 45.3431
1 45.3431 45.3431
1 45.3982 45.3982
1 45.4533 45.4533
1 45.4533 45.4533
1 45.4863 45.4863
1 45.4863 45.4863
1 45.5412 45.5412
1 45.5412 45.5412
1 45.607 45.607
1 45.607 45.607
1 45.607 45.607
1 45.6508 45.6508
1 45.6508 45.6508
1 45.6508 45.6508
1 45.6508 45.6508
1 45.6508 45.6508
1 45.6508 45.6508
1 45.6946 45.6946
1 45.6946 45.6946
1 45.6946 45.6946
1 45.7056 45.7056
1 45.7056 45.7056
1 45.7056 45.7056
1 45.7056 45.7056
1 45.793 45.793
1 45.793 45.793
1 45.8039 45.8039
1 45.8803 45.8803
1 45.8803 45.8803
1 45.8803 45.8803
1 45.8912 45.8912
1 45.8912 45.8912
1 45.9674 45.9674
1 45.9674 45.9674
1 45.9674 45.9674
1 45.9674 45.9674
1 45.9674 45.9674
1 46 46
1 46 46
1 46 46
1 46.0109 46.0109
1 46.0109 46.0109
1 46.0109 46.0109
1 46.0109 46.0109
1 46.0109 46.0109
1 46.0435 46.0435
1 46.0435 46.0435
1 46.0435 46.0435
1 46.0652 46.0652
1 46.0652 46.0652
1 46.0652 46.0652
1 46.0977 46.0977
1 46.0977 46.0977
1 46.0977 46.0977
1 46.0977 46.0977
1 46.0977 46.0977
1 46.0977 46.0977
1 46.1411 46.1411
1 46.1411 46.1411
1 46.1411 46.1411
1 46.1736 46.1736
1 46.1736 46.1736
1 46.1736 46.1736
1 46.1736 46.1736
1 46.2277 46.2277
1 46.2277 46.2277
1 46.2385 46.2385
1 46.2709 46.2709
1 46.3249 46.3249
1 46.3249 46.3249
1 46.3897 46.3897
1 46.4866 46.4866
1 46.5188 46.5188
1 46.5296 46.5296
1 46.5296 46.5296
1 46.5296 46.5296
1 46.5725 46.5725
1 46.6154 46.6154
1 46.6154 46.6154
1 46.6154 46.6154
1 46.6154 46.6154
1 46.6154 46.6154
1 46.6154 46.6154
1 46.6154 46.6154
1 46.6905 46.6905
1 46.6905 46.6905
1 46.6905 46.6905
1 46.6905 46.6905
1 46.7547 46.7547
1 46.8188 46.8188
1 46.8615 46.8615
1 46.8615 46.8615
1 46.8615 46.8615
1 46.8722 46.8722
1 46.8722 46.8722
1 46.8722 46.8722
1 47.0106 47.0106
1 47.0106 47.0106
1 47.0106 47.0106
1 47.0106 47.0106
1 47.0106 47.0106
1 47.0106 47.0106
1 47.0425 47.0425
1 47.0744 47.0744
1 47.0956 47.0956
1 47.1699 47.1699
1 47.1699 47.1699
1 47.1699 47.1699
1 47.1699 47.1699
1 47.1699 47.1699
1 47.2017 47.2017
1 47.2017 47.2017
1 47.2017 47.2017
1 47.2652 47.2652
1 47.3814 47.3814
1 47.3814 47.3814
1 47.3814 47.3814
1 47.3814 47.3814
1 47.3814 47.3814
1 47.4131 47.4131
1 47.4131 47.4131
1 47.4236 47.4236
1 47.4236 47.4236
1 47.4236 47.4236
1 47.4236 47.4236
1 47.4342 47.4342
1 47.4342 47.4342
1 47.4342 47.4342
1 47.4342 47.4342
1 47.5079 47.5079
1 47.5079 47.5079
1 47.5079 47.5079
1 47.5079 47.5079
1 47.5079 47.5079
1 47.5184 47.5184
1 47.5184 47.5184
1 47.5395 47.5395
1 47.5395 47.5395
1 47.5395 47.5395
1 47.5395 47.5395
1 47.5395 47.5395
1 47.634 47.634
1 47.634 47.634
1 47.676 47.676
1 47.676 47.676
1 47.7074 47.7074
1 47.7074 47.7074
1 47.7598 47.7598
1 47.8017 47.8017
1 47.8017 47.8017
1 47.8017 47.8017
1 47.8017 47.8017
1 47.8017 47.8017
1 47.8017 47.8017
1 47.8539 47.8539
1 47.8539 47.8539
1 47.8539 47.8539
1 47.8539 47.8539
1 47.8539 47.8539
1 47.8853 47.8853
1 47.8853 47.8853
1 47.8853 47.8853
1 47.8853 47.8853
1 47.927 47.927
1 47.927 47.927
1 48.0104 48.0104
1 48.0104 48.0104
1 48.0104 48.0104
1 48.0104 48.0104
1 48.0104 48.0104
1 48.0208 48.0208
1 48.0208 48.0208
1 48.0208 48.0208
1 48.0416 48.0416
1 48.0521 48.0521
1 48.0521 48.0521
1 48.0833 48.0833
1 48.0833 48.0833
1 48.0937 48.0937
1 48.0937 48.0937
1 48.1041 48.1041
1 48.1041 48.1041
1 48.1041 48.1041
1 48.1041 48.1041
1 48.1041 48.1041
1 48.1041 48.1041
1 48.1664 48.1664
1 48.1664 48.1664
1 48.1664 48.1664
1 48.1664 48.1664
1 48.1664 48.1664
1 48.1664 48.1664
1 48.1664 48.1664
1 48.1664 48.1664
1 48.2597 48.2597
1 48.2597 48.2597
1 48.2597 48.2597
1 48.2701 48.2701
1 48.2701 48.2701
1 48.2701 48.2701
1 48.3011 48.3011
1 48.3011 48.3011
1 48.3011 48.3011
1 48.3011 48.3011
1 48.3322 48.3322
1 48.3322 48.3322
1 48.3735 48.3735
1 48.3735 48.3735
1 48.3735 48.3735
1 48.3839 48.3839
1 48.3839 48.3839
1 48.3839 48.3839
1 48.4149 48.4149
1 48.4149 48.4149
1 48.4149 48.4149
1 48.4665 48.4665
1 48.5077 48.5077
1 48.5077 48.5077
1 48.5077 48.5077
1 48.5077 48.5077
1 48.5077 48.5077
1 48.5077 48.5077
1 48.5077 48.5077
1 48.5077 48.5077
1 48.5489 48.5489
1 48.6004 48.6004
1 48.6004 48.6004
1 48.6621 48.6621
1 48.6621 48.6621
1 48.6621 48.6621
1 48.7032 48.7032
1 48.7545 48.7545
1 48.7545 48.7545
1 48.7545 48.7545
1 48.7647 48.7647
1 48.7647 48.7647
1 48.7647 48.7647
1 48.7955 48.7955
1 48.7955 48.7955
1 48.7955 48.7955
1 48.8262 48.8262
1 48.8262 48.8262
1 48.8365 48.8365
1 48.8365 48.8365
1 48.8467 48.8467
1 48.8467 48.8467
1 48.8774 48.8774
1 49.0102 49.0102
1 49.0408 49.0408
1 49.0408 49.0408
1 49.0408 49.0408
1 49.0408 49.0408
1 49.0408 49.0408
1 49.0408 49.0408
1 49.0918 49.0918
1 49.0918 49.0918
1 49.0918 49.0918
1 49.0918 49.0918
1 49.1935 49.1935
1 49.1935 49.1935
1 49.2037 49.2037
1 49.2037 49.2037
1 49.2443 49.2443
1 49.2443 49.2443
1 49.2443 49.2443
1 49.2443 49.2443
1 49.2443 49.2443
1 49.2544 49.2544
1 49.3964 49.3964
1 49.3964 49.3964
1 49.3964 49.3964
1 49.4065 49.4065
1 49.4065 49.4065
1 49.4065 49.4065
1 49.4065 49.4065
1 49.4065 49.4065
1 49.4065 49.4065
1 49.4065 49.4065
1 49.4773 49.4773
1 49.4975 49.4975
1 49.4975 49.4975
1 49.5177 49.5177
1 49.5782 49.5782
1 49.5782 49.5782
1 49.5782 49.5782
1 49.5782 49.5782
1 49.6488 49.6488
1 49.6488 49.6488
1 49.6488 49.6488
1 49.6488 49.6488
1 49.6488 49.6488
1 49.6488 49.6488
1 49.6488 49.6488
1 49.6488 49.6488
1 49.6488 49.6488
1 49.6588 49.6588
1 49.6588 49.6588
1 49.679 49.679
1 49.679 49.679
1 49.679 49.679
1 49.7293 49.7293
1 49.7293 49.7293
1 49.7293 49.7293
1 49.7293 49.7293
1 49.7695 49.7695
1 49.7695 49.7695
1 49.7695 49.7695
1 49.8197 49.8197
1 49.8197 49.8197
1 49.8197 49.8197
1 49.8197 49.8197
1 49.8197 49.8197
1 49.8197 49.8197
1 49.8197 49.8197
1 49.8197 49.8197
1 49.8197 49.8197
1 49.98 49.98
1 49.98 49.98
1 50 50
1 50 50
1 50 50
1 50 50
1 50 50
1 50.01 50.01
1 50.01 50.01
1 50.04 50.04
1 50.0899 50.0899
1 50.0899 50.0899
1 50.0899 50.0899
1 50.1597 50.1597
1 50.1597 50.1597
1 50.2096 50.2096
1 50.2096 50.2096
1 50.2195 50.2195
1 50.2195 50.2195
1 50.2494 50.2494
1 50.2494 50.2494
1 50.2494 50.2494
1 50.2494 50.2494
1 50.2494 50.2494
1 50.2892 50.2892
1 50.3289 50.3289
1 50.3289 50.3289
1 50.3289 50.3289
1 50.3289 50.3289
1 50.3289 50.3289
1 50.3289 50.3289
1 50.3587 50.3587
1 50.3587 50.3587
1 50.3587 50.3587
1 50.448 50.448
1 50.4777 50.4777
1 50.4777 50.4777
1 50.4777 50.4777
1 50.4777 50.4777
1 50.4876 50.4876
1 50.4876 50.4876
1 50.5371 50.5371
1 50.5668 50.5668
1 50.5668 50.5668
1 50.5668 50.5668
1 50.5964 50.5964
1 50.5964 50.5964
1 50.5964 50.5964
1 50.6063 50.6063
1 50.6063 50.6063
1 50.6063 50.6063
1 50.6063 50.6063
1 50.636 50.636
1 50.636 50.636
1 50.636 50.636
1 50.6952 50.6952
1 50.6952 50.6952
1 50.6952 50.6952
1 50.6952 50.6952
1 50.6952 50.6952
1 50.774 50.774
1 50.8035 50.8035
1 50.8035 50.8035
1 50.9215 50.9215
1 50.9215 50.9215
1 50.9608 50.9608
1 50.9608 50.9608
1 50.9608 50.9608
1 50.9902 50.9902
1 50.9902 50.9902
1 51.0392 51.0392
1 51.0392 51.0392
1 51.0784 51.0784
1 51.0882 51.0882
1 51.0882 51.0882
1 51.1077 51.1077
1 51.1957 51.1957
1 51.225 51.225
1 51.225 51.225
1 51.225 51.225
1 51.2445 51.2445
1 51.264 51.264
1 51.264 51.264
1 51.3128 51.3128
1 51.3128 51.3128
1 51.3128 51.3128
1 51.3517 51.3517
1 51.3517 51.3517
1 51.4004 51.4004
1 51.4004 51.4004
1 51.4004 51.4004
1 51.4198 51.4198
1 51.4296 51.4296
1 51.4296 51.4296
1 51.4296 51.4296
1 51.4782 51.4782
1 51.4782 51.4782
1 51.4782 51.4782
1 51.4782 51.4782
1 51.4782 51.4782
1 51.5461 51.5461
1 51.614 51.614
1 51.6236 51.6236
1 51.6236 51.6236
1 51.6236 51.6236
1 51.6236 51.6236
1 51.6236 51.6236
1 51.6236 51.6236
1 51.6236 51.6236
1 51.6624 51.6624
1 51.6624 51.6624
1 51.6624 51.6624
1 51.6624 51.6624
1 51.7397 51.7397
1 51.8556 51.8556
1 51.8652 51.8652
1 51.8652 51.8652
1 51.8652 51.8652
1 51.8652 51.8652
1 51.8652 51.8652
1 51.8652 51.8652
1 51.8845 51.8845
1 51.8941 51.8941
1 51.8941 51.8941
1 51.9711 51.9711
1 51.9711 51.9711
1 51.9711 51.9711
1 51.9711 51.9711
1 52 52
1 52.0096 52.0096
1 52.0096 52.0096
1 52.0096 52.0096
1 52.0384 52.0384
1 52.0865 52.0865
1 52.0865 52.0865
1 52.1536 52.1536
1 52.1536 52.1536
1 52.1536 52.1536
1 52.1536 52.1536
1 52.1536 52.1536
1 52.1728 52.1728
1 52.1728 52.1728
1 52.1728 52.1728
1 52.2015 52.2015
1 52.2398 52.2398
1 52.2398 52.2398
1 52.2398 52.2398
1 52.345 52.345
1 52.345 52.345
1 52.345 52.345
1 52.345 52.345
1 52.3546 52.3546
1 52.3927 52.3927
1 52.4023 52.4023
1 52.4023 52.4023
1 52.4309 52.4309
1 52.469 52.469
1 52.469 52.469
1 52.4786 52.4786
1 52.4786 52.4786
1 52.4976 52.4976
1 52.4976 52.4976
1 52.4976 52.4976
1 52.5547 52.5547
1 52.6308 52.6308
1 52.6308 52.6308
1 52.6308 52.6308
1 52.6308 52.6308
1 52.6308 52.6308
1 52.6972 52.6972
1 52.7731 52.7731
1 52.7731 52.7731
1 52.8015 52.8015
1 52.8015 52.8015
1 52.811 52.811
1 52.8394 52.8394
1 52.8394 52.8394
1 52.8394 52.8394
1 52.8394 52.8394
1 52.8394 52.8394
1 52.8867 52.8867
1 52.8867 52.8867
1 52.9245 52.9245
1 52.9245 52.9245
1 52.9245 52.9245
1 53 53
1 53.0094 53.0094
1 53.0094 53.0094
1 53.0094 53.0094
1 53.0094 53.0094
1 53.0377 53.0377
1 53.0848 53.0848
1 53.1413 53.1413
1 53.1413 53.1413
1 53.1413 53.1413
1 53.1507 53.1507
1 53.2353 53.2353
1 53.2541 53.2541
1 53.2541 53.2541
1 53.2635 53.2635
1 53.2635 53.2635
1 53.3385 53.3385
1 53.4135 53.4135
1 53.4509 53.4509
1 53.4509 53.4509
1 53.4509 53.4509
1 53.4603 53.4603
1 53.4883 53.4883
1 53.535 53.535
1 53.6004 53.6004
1 53.6004 53.6004
1 53.6004 53.6004
1 53.6004 53.6004
1 53.6004 53.6004
1 53.7122 53.7122
1 53.7122 53.7122
1 53.7401 53.7401
1 53.7587 53.7587
1 53.7587 53.7587
1 53.7587 53.7587
1 53.8145 53.8145
1 53.8238 53.8238
1 53.8516 53.8516
1 53.8516 53.8516
1 53.8516 53.8516
1 53.8516 53.8516
1 53.8516 53.8516
1 53.8516 53.8516
1 53.9073 53.9073
1 53.9073 53.9073
1 53.9073 53.9073
1 53.9073 53.9073
1 53.9073 53.9073
1 54.0093 54.0093
1 54.0093 54.0093
1 54.037 54.037
1 54.037 54.037
1 54.0833 54.0833
1 54.0833 54.0833
1 54.0833 54.0833
1 54.0833 54.0833
1 54.0833 54.0833
1 54.1202 54.1202
1 54.1295 54.1295
1 54.1295 54.1295
1 54.2033 54.2033
1 54.2033 54.2033
1 54.2033 54.2033
1 54.231 54.231
1 54.231 54.231
1 54.231 54.231
1 54.231 54.231
1 54.3323 54.3323
1 54.3415 54.3415
1 54.3415 54.3415
1 54.3783 54.3783
1 54.4059 54.4059
1 54.4059 54.4059
1 54.4243 54.4243
1 54.4243 54.4243
1 54.4243 54.4243
1 54.4243 54.4243
1 54.4243 54.4243
1 54.4885 54.4885
1 54.5619 54.5619
1 54.5619 54.5619
1 54.5619 54.5619
1 54.5619 54.5619
1 54.5619 54.5619
1 54.5894 54.5894
1 54.626 54.626
1 54.626 54.626
1 54.6717 54.6717
1 54.7083 54.7083
1 54.7449 54.7449
1 54.7449 54.7449
1 54.7449 54.7449
1 54.7814 54.7814
1 54.7814 54.7814
1 54.7814 54.7814
1 54.8179 54.8179
1 54.9181 54.9181
1 55 55
1 55 55
1 55 55
1 55.0091 55.0091
1 55.0273 55.0273
1 55.0273 55.0273
1 55.0364 55.0364
1 55.0364 55.0364
1 55.0727 55.0727
1 55.0818 55.0818
1 55.0818 55.0818
1 55.0818 55.0818
1 55.0818 55.0818
1 55.0818 55.0818
1 55.109 55.109
1 55.1543 55.1543
1 55.1543 55.1543
1 55.1543 55.1543
1 55.1543 55.1543
1 55.1725 55.1725
1 55.2178 55.2178
1 55.3173 55.3173
1 55.3173 55.3173
1 55.3173 55.3173
1 55.3263 55.3263
1 55.3624 55.3624
1 55.3624 55.3624
1 55.4437 55.4437
1 55.4437 55.4437
1 55.4707 55.4707
1 55.4707 55.4707
1 55.4707 55.4707
1 55.5428 55.5428
1 55.5698 55.5698
1 55.5698 55.5698
1 55.5698 55.5698
1 55.5788 55.5788
1 55.5788 55.5788
1 55.6058 55.6058
1 55.6597 55.6597
1 55.6597 55.6597
1 55.7136 55.7136
1 55.7584 55.7584
1 55.7584 55.7584
1 55.7853 55.7853
1 55.8032 55.8032
1 55.8032 55.8032
1 55.8032 55.8032
1 55.8659 55.8659
1 55.8659 55.8659
1 55.9017 55.9017
1 55.9017 55.9017
1 55.9017 55.9017
1 56 56
1 56.0089 56.0089
1 56.0357 56.0357
1 56.0446 56.0446
1 56.0446 56.0446
1 56.0803 56.0803
1 56.0803 56.0803
1 56.0803 56.0803
1 56.0803 56.0803
1 56.0803 56.0803
1 56.2228 56.2228
1 56.3028 56.3028
1 56.3205 56.3205
1 56.356 56.356
1 56.356 56.356
1 56.3649 56.3649
1 56.3649 56.3649
1 56.4004 56.4004
1 56.4358 56.4358
1 56.4358 56.4358
1 56.4624 56.4624
1 56.4624 56.4624
1 56.5155 56.5155
1 56.5862 56.5862
1 56.5862 56.5862
1 56.5862 56.5862
1 56.6039 56.6039
1 56.6039 56.6039
1 56.6039 56.6039
1 56.6039 56.6039
1 56.6127 56.6127
1 56.6127 56.6127
1 56.6392 56.6392
1 56.6392 56.6392
1 56.6392 56.6392
1 56.648 56.648
1 56.7274 56.7274
1 56.7539 56.7539
1 56.7539 56.7539
1 56.8507 56.8507
1 56.8507 56.8507
1 56.8507 56.8507
1 56.9386 56.9386
1 57 57
1 57.0088 57.0088
1 57.0088 57.0088
1 57.0088 57.0088
1 57.0088 57.0088
1 57.0088 57.0088
1 57.0351 57.0351
1 57.0701 57.0701
1 57.1402 57.1402
1 57.1402 57.1402
1 57.2189 57.2189
1 57.2189 57.2189
1 57.2713 57.2713
1 57.2713 57.2713
1 57.2713 57.2713
1 57.2713 57.2713
1 57.28 57.28
1 57.28 57.28
1 57.28 57.28
1 57.3062 57.3062
1 57.3062 57.3062
1 57.3149 57.3149
1 57.3847 57.3847
1 57.3847 57.3847
1 57.4543 57.4543
1 57.5674 57.5674
1 57.5847 57.5847
1 57.5847 57.5847
1 57.6281 57.6281
1 57.6281 57.6281
1 57.6888 57.6888
1 57.6888 57.6888
1 57.6975 57.6975
1 57.6975 57.6975
1 57.7062 57.7062
1 57.8014 57.8014
1 57.8014 57.8014
1 57.8014 57.8014
1 57.8014 57.8014
1 57.8705 57.8705
1 57.9396 57.9396
1 57.9741 57.9741
1 57.9741 57.9741
1 57.9828 57.9828
1 57.9828 57.9828
1 57.9828 57.9828
1 57.9828 57.9828
1 57.9828 57.9828
1 57.9828 57.9828
1 58 58
1 58 58
1 58.0086 58.0086
1 58.0086 58.0086
1 58.0086 58.0086
1 58.0086 58.0086
1 58.0086 58.0086
1 58.0345 58.0345
1 58.0517 58.0517
1 58.0517 58.0517
1 58.1378 58.1378
1 58.1378 58.1378
1 58.1808 58.1808
1 58.2151 58.2151
1 58.2409 58.2409
1 58.2495 58.2495
1 58.2495 58.2495
1 58.258 58.258
1 58.3095 58.3095
1 58.3095 58.3095
1 58.3095 58.3095
1 58.4123 58.4123
1 58.4123 58.4123
1 58.4123 58.4123
1 58.4209 58.4209
1 58.5235 58.5235
1 58.5235 58.5235
1 58.5491 58.5491
1 58.5918 58.5918
1 58.5918 58.5918
1 58.5918 58.5918
1 58.6003 58.6003
1 58.6003 58.6003
1 58.6003 58.6003
1 58.6003 58.6003
1 58.6003 58.6003
1 58.6003 58.6003
1 58.6003 58.6003
1 58.6686 58.6686
1 58.6686 58.6686
1 58.6941 58.6941
1 58.6941 58.6941
1 58.6941 58.6941
1 58.6941 58.6941
1 58.6941 58.6941
1 58.7282 58.7282
1 58.7963 58.7963
1 58.7963 58.7963
1 58.7963 58.7963
1 58.7963 58.7963
1 58.7963 58.7963
1 58.8218 58.8218
1 58.8303 58.8303
1 58.8303 58.8303
1 58.8558 58.8558
1 58.8558 58.8558
1 58.8727 58.8727
1 58.8982 58.8982
1 58.8982 58.8982
1 58.9406 58.9406
1 59.0339 59.0339
1 59.0339 59.0339
1 59.0593 59.0593
1 59.0593 59.0593
1 59.0762 59.0762
1 59.0762 59.0762
1 59.0931 59.0931
1 59.0931 59.0931
1 59.0931 59.0931
1 59.1354 59.1354
1 59.1354 59.1354
1 59.1354 59.1354
1 59.203 59.203
1 59.203 59.203
1 59.203 59.203
1 59.2284 59.2284
1 59.2368 59.2368
1 59.3043 59.3043
1 59.3633 59.3633
1 59.4054 59.4054
1 59.4054 59.4054
1 59.4054 59.4054
1 59.4054 59.4054
1 59.4138 59.4138
1 59.439 59.439
1 59.4643 59.4643
1 59.4643 59.4643
1 59.4643 59.4643
1 59.4643 59.4643
1 59.4643 59.4643
1 59.4643 59.4643
1 59.5063 59.5063
1 59.5399 59.5399
1 59.5483 59.5483
1 59.6154 59.6154
1 59.6657 59.6657
1 59.6657 59.6657
1 59.6825 59.6825
1 59.7746 59.7746
1 59.808 59.808
1 59.8164 59.8164
1 59.8415 59.8415
1 59.9083 59.9083
1 59.9083 59.9083
1 59.9333 59.9333
1 59.9416 59.9416
1 59.9416 59.9416
1 60 60
1 60.0167 60.0167
1 60.0167 60.0167
1 60.0167 60.0167
1 60.0333 60.0333
1 60.0333 60.0333
1 60.208 60.208
1 60.208 60.208
1 60.208 60.208
1 60.208 60.208
1 60.2163 60.2163
1 60.3075 60.3075
1 60.3075 60.3075
1 60.3738 60.3738
1 60.3738 60.3738
1 60.407 60.407
1 60.4152 60.4152
1 60.4152 60.4152
1 60.4152 60.4152
1 60.4401 60.4401
1 60.4401 60.4401
1 60.4401 60.4401
1 60.4649 60.4649
1 60.531 60.531
1 60.5392 60.5392
1 60.5392 60.5392
1 60.5392 60.5392
1 60.5392 60.5392
1 60.6053 60.6053
1 60.6053 60.6053
1 60.6383 60.6383
1 60.7454 60.7454
1 60.7454 60.7454
1 60.7454 60.7454
1 60.803 60.803
1 60.803 60.803
1 60.8276 60.8276
1 60.8276 60.8276
1 60.8358 60.8358
1 60.8358 60.8358
1 60.8358 60.8358
1 60.8358 60.8358
1 60.9016 60.9016
1 60.9016 60.9016
1 60.959 60.959
1 61.0328 61.0328
1 61.0737 61.0737
1 61.0737 61.0737
1 61.131 61.131
1 61.131 61.131
1 61.2209 61.2209
1 61.2209 61.2209
1 61.2209 61.2209
1 61.2699 61.2699
1 61.2699 61.2699
1 61.3514 61.3514
1 61.4003 61.4003
1 61.4003 61.4003
1 61.4003 61.4003
1 61.4003 61.4003
1 61.4003 61.4003
1 61.4003 61.4003
1 61.4003 61.4003
1 61.4003 61.4003
1 61.5224 61.5224
1 61.5224 61.5224
1 61.5224 61.5224
1 61.5549 61.5549
1 61.5549 61.5549
1 61.6117 61.6117
1 61.6604 61.6604
1 61.7171 61.7171
1 61.7171 61.7171
1 61.7414 61.7414
1 61.7414 61.7414
1 61.7414 61.7414
1 61.8466 61.8466
1 61.8547 61.8547
1 61.8547 61.8547
1 61.8547 61.8547
1 61.9839 61.9839
1 62.0322 62.0322
1 62.0322 62.0322
1 62.0322 62.0322
1 62.1289 62.1289
1 62.1289 62.1289
1 62.1289 62.1289
1 62.1289 62.1289
1 62.1289 62.1289
1 62.1691 62.1691
1 62.1691 62.1691
1 62.1691 62.1691
1 62.1691 62.1691
1 62.1772 62.1772
1 62.1772 62.1772
1 62.2013 62.2013
1 62.2013 62.2013
1 62.2254 62.2254
1 62.2415 62.2415
1 62.2415 62.2415
1 62.2415 62.2415
1 62.2896 62.2896
1 62.2896 62.2896
1 62.2977 62.2977
1 62.3699 62.3699
1 62.3939 62.3939
1 62.3939 62.3939
1 62.426 62.426
1 62.434 62.434
1 62.482 62.482
1 62.482 62.482
1 62.482 62.482
1 62.514 62.514
1 62.5859 62.5859
1 62.6099 62.6099
1 62.6259 62.6259
1 62.6259 62.6259
1 62.6259 62.6259
1 62.6259 62.6259
1 62.6259 62.6259
1 62.6418 62.6418
1 62.6418 62.6418
1 62.6498 62.6498
1 62.7694 62.7694
1 62.7694 62.7694
1 62.8013 62.8013
1 62.8172 62.8172
1 62.9365 62.9365
1 62.9365 62.9365
1 62.9682 62.9682
1 62.9682 62.9682
1 62.9682 62.9682
1 63 63
1 63.0079 63.0079
1 63.0079 63.0079
1 63.0635 63.0635
1 63.0635 63.0635
1 63.0714 63.0714
1 63.1269 63.1269
1 63.1348 63.1348
1 63.1585 63.1585
1 63.2456 63.2456
1 63.2456 63.2456
1 63.2535 63.2535
1 63.2851 63.2851
1 63.2851 63.2851
1 63.4114 63.4114
1 63.5059 63.5059
1 63.5295 63.5295
1 63.561 63.561
1 63.6396 63.6396
1 63.6553 63.6553
1 63.7024 63.7024
1 63.7809 63.7809
1 63.7809 63.7809
1 63.7809 63.7809
1 63.7809 63.7809
1 63.7809 63.7809
1 63.8122 63.8122
1 63.8122 63.8122
1 63.8201 63.8201
1 63.8201 63.8201
1 63.8201 63.8201
1 63.8905 63.8905
1 63.8905 63.8905
1 63.9531 63.9531
1 63.9766 63.9766
1 63.9766 63.9766
1 64.0312 64.0312
1 64.0703 64.0703
1 64.0703 64.0703
1 64.1405 64.1405
1 64.1405 64.1405
1 64.2806 64.2806
1 64.3506 64.3506
1 64.3817 64.3817
1 64.3817 64.3817
1 64.4748 64.4748
1 64.4981 64.4981
1 64.4981 64.4981
1 64.4981 64.4981
1 64.622 64.622
1 64.622 64.622
1 64.6297 64.6297
1 64.6375 64.6375
1 64.6607 64.6607
1 64.6607 64.6607
1 64.6607 64.6607
1 64.7611 64.7611
1 64.8151 64.8151
1 64.846 64.846
1 64.846 64.846
1 64.8845 64.8845
1 64.8845 64.8845
1 64.8999 64.8999
1 65 65
1 65 65
1 65 65
1 65 65
1 65 65
1 65.0538 65.0538
1 65.0538 65.0538
1 65.1153 65.1153
1 65.1153 65.1153
1 65.192 65.192
1 65.215 65.215
1 65.215 65.215
1 65.307 65.307
1 65.3682 65.3682
1 65.3682 65.3682
1 65.3682 65.3682
1 65.437 65.437
1 65.4599 65.4599
1 65.4599 65.4599
1 65.521 65.521
1 65.5515 65.5515
1 65.6049 65.6049
1 65.7343 65.7343
1 65.7343 65.7343
1 65.7343 65.7343
1 65.7951 65.7951
1 65.7951 65.7951
1 65.8027 65.8027
1 65.8027 65.8027
1 65.9242 65.9242
1 66.0303 66.0303
1 66.0379 66.0379
1 66.0379 66.0379
1 66.0379 66.0379
1 66.0681 66.0681
1 66.0681 66.0681
1 66.0984 66.0984
1 66.1891 66.1891
1 66.1891 66.1891
1 66.2118 66.2118
1 66.2193 66.2193
1 66.2193 66.2193
1 66.242 66.242
1 66.2873 66.2873
1 66.3702 66.3702
1 66.3702 66.3702
1 66.4831 66.4831
1 66.5282 66.5282
1 66.6033 66.6033
1 66.6408 66.6408
1 66.6408 66.6408
1 66.6483 66.6483
1 66.7083 66.7083
1 66.7083 66.7083
1 66.7308 66.7308
1 66.7308 66.7308
1 66.7308 66.7308
1 66.8431 66.8431
1 66.888 66.888
1 66.888 66.888
1 67.0075 67.0075
1 67.0075 67.0075
1 67.0522 67.0522
1 67.1789 67.1789
1 67.2012 67.2012
1 67.2012 67.2012
1 67.2086 67.2086
1 67.2309 67.2309
1 67.2309 67.2309
1 67.3573 67.3573
1 67.3573 67.3573
1 67.3573 67.3573
1 67.4685 67.4685
1 67.4759 67.4759
1 67.4759 67.4759
1 67.4759 67.4759
1 67.5426 67.5426
1 67.6018 67.6018
1 67.6018 67.6018
1 67.6018 67.6018
1 67.624 67.624
1 67.6757 67.6757
1 67.6757 67.6757
1 67.6757 67.6757
1 67.6831 67.6831
1 67.7422 67.7422
1 67.8823 67.8823
1 67.897 67.897
1 67.897 67.897
1 67.9559 67.9559
1 67.9779 67.9779
1 68.0074 68.0074
1 68.0294 68.0294
1 68.0294 68.0294
1 68.0294 68.0294
1 68.0955 68.0955
1 68.1175 68.1175
1 68.1542 68.1542
1 68.1542 68.1542
1 68.2422 68.2422
1 68.2495 68.2495
1 68.3081 68.3081
1 68.4471 68.4471
1 68.4471 68.4471
1 68.4471 68.4471
1 68.5055 68.5055
1 68.5055 68.5055
1 68.542 68.542
1 68.593 68.593
1 68.593 68.593
1 68.593 68.593
1 68.6804 68.6804
1 68.6804 68.6804
1 68.6804 68.6804
1 68.7968 68.7968
1 68.7968 68.7968
1 69.029 69.029
1 69.2026 69.2026
1 69.2965 69.2965
1 69.3109 69.3109
1 69.3181 69.3181
1 69.3542 69.3542
1 69.3542 69.3542
1 69.4046 69.4046
1 69.4262 69.4262
1 69.4622 69.4622
1 69.527 69.527
1 69.6348 69.6348
1 69.6348 69.6348
1 69.6419 69.6419
1 69.6419 69.6419
1 69.6419 69.6419
1 69.6563 69.6563
1 69.7711 69.7711
1 69.814 69.814
1 69.8355 69.8355
1 69.857 69.857
1 69.8928 69.8928
1 70 70
1 70.0071 70.0071
1 70.0071 70.0071
1 70.0928 70.0928
1 70.1783 70.1783
1 70.214 70.214
1 70.2353 70.2353
1 70.4344 70.4344
1 70.4557 70.4557
1 70.4911 70.4911
1 70.4911 70.4911
1 70.6045 70.6045
1 70.6045 70.6045
1 70.6116 70.6116
1 70.6612 70.6612
1 70.7107 70.7107
1 70.7248 70.7248
1 70.7248 70.7248
1 70.7248 70.7248
1 70.7248 70.7248
1 70.7672 70.7672
1 70.7743 70.7743
1 70.8378 70.8378
1 71.0211 71.0211
1 71.0282 71.0282
1 71.0634 71.0634
1 71.1196 71.1196
1 71.1758 71.1758
1 71.218 71.218
1 71.4003 71.4003
1 71.5052 71.5052
1 71.5542 71.5542
1 71.5542 71.5542
1 71.5612 71.5612
1 71.5681 71.5681
1 71.5891 71.5891
1 71.5891 71.5891
1 71.5891 71.5891
1 71.6101 71.6101
1 71.6101 71.6101
1 71.6938 71.6938
1 71.7008 71.7008
1 71.8401 71.8401
1 71.8679 71.8679
1 71.8679 71.8679
1 72.0069 72.0069
1 72.0902 72.0902
1 72.111 72.111
1 72.111 72.111
1 72.1249 72.1249
1 72.1249 72.1249
1 72.1388 72.1388
1 72.2011 72.2011
1 72.2011 72.2011
1 72.2357 72.2357
1 72.2772 72.2772
1 72.3464 72.3464
1 72.4224 72.4224
1 72.45 72.45
1 72.45 72.45
1 72.4707 72.4707
1 72.4707 72.4707
1 72.4707 72.4707
1 72.7186 72.7186
1 72.7186 72.7186
1 72.8354 72.8354
1 72.8354 72.8354
1 72.9178 72.9178
1 72.9452 72.9452
1 73 73
1 73.0068 73.0068
1 73.1095 73.1095
1 73.2393 73.2393
1 73.2462 73.2462
1 73.2462 73.2462
1 73.3553 73.3553
1 73.3757 73.3757
1 73.4098 73.4098
1 73.4983 73.4983
1 73.4983 73.4983
1 73.5391 73.5391
1 73.5527 73.5527
1 73.5731 73.5731
1 73.5935 73.5935
1 73.6003 73.6003
1 73.6003 73.6003
1 73.7564 73.7564
1 73.7564 73.7564
1 73.7902 73.7902
1 73.8783 73.8783
1 73.9256 73.9256
1 74.027 74.027
1 74.0945 74.0945
1 74.2765 74.2765
1 74.3303 74.3303
1 74.3303 74.3303
1 74.411 74.411
1 74.4312 74.4312
1 74.4312 74.4312
1 74.4648 74.4648
1 75.0733 75.0733
1 75.1332 75.1332
1 75.1665 75.1665
1 75.2861 75.2861
1 75.2928 75.2928
1 75.2928 75.2928
1 75.4321 75.4321
1 75.6042 75.6042
1 75.7166 75.7166
1 75.8024 75.8024
1 76.0263 76.0263
1 76.1577 76.1577
1 76.3675 76.3675
1 76.4003 76.4003
1 76.4199 76.4199
1 76.4788 76.4788
1 76.5506 76.5506
1 76.8505 76.8505
1 76.896 76.896
1 76.9675 76.9675
1 77.0065 77.0065
1 77.026 77.026
1 77.0779 77.0779
1 77.1038 77.1038
1 77.1038 77.1038
1 77.1038 77.1038
1 77.1557 77.1557
1 77.2334 77.2334
1 77.4145 77.4145
1 77.4209 77.4209
1 77.4661 77.4661
1 77.6209 77.6209
1 77.6209 77.6209
1 77.6209 77.6209
1 77.6981 77.6981
1 77.7946 77.7946
1 77.7946 77.7946
1 77.801 77.801
1 77.801 77.801
1 77.8781 77.8781
1 77.8974 77.8974
1 77.9359 77.9359
1 77.9872 77.9872
1 78.0064 78.0064
1 78.1025 78.1025
1 78.492 78.492
1 78.5493 78.5493
1 78.5684 78.5684
1 79.0759 79.0759
1 79.1581 79.1581
1 79.2086 79.2086
1 79.2465 79.2465
1 79.3977 79.3977
1 79.404 79.404
1 79.6116 79.6116
1 79.6304 79.6304
1 79.6304 79.6304
1 79.6304 79.6304
1 79.8812 79.8812
1 80 80
1 80.0562 80.0562
1 80.2122 80.2122
1 80.2122 80.2122
1 80.455 80.455
1 80.6598 80.6598
1 80.6598 80.6598
1 80.7094 80.7094
1 80.7217 80.7217
1 80.7217 80.7217
1 80.7775 80.7775
1 80.9938 80.9938
1 81.0247 81.0247
1 81.1234 81.1234
1 81.3019 81.3019
1 81.3204 81.3204
1 81.3449 81.3449
1 81.3941 81.3941
1 81.3941 81.3941
1 81.3941 81.3941
1 81.4002 81.4002
1 81.4678 81.4678
1 81.4678 81.4678
1 81.5414 81.5414
1 81.6088 81.6088
1 81.8413 81.8413
1 82.0244 82.0244
1 82.134 82.134
1 82.1523 82.1523
1 82.3286 82.3286
1 82.4197 82.4197
1 82.4924 82.4924
1 82.4924 82.4924
1 82.7345 82.7345
1 82.7345 82.7345
1 83.006 83.006
1 83.1925 83.1925
1 83.4865 83.4865
1 83.6002 83.6002
1 83.6002 83.6002
1 83.6002 83.6002
1 83.8153 83.8153
1 84.2021 84.2021
1 84.22 84.22
1 84.8646 84.8646
1 84.8764 84.8764
1 84.8764 84.8764
1 84.8999 84.8999
1 85.235 85.235
1 85.5628 85.5628
1 85.8021 85.8021
1 85.9826 85.9826
1 86.267 86.267
1 86.2844 86.2844
1 86.2844 86.2844
1 86.4002 86.4002
1 86.4523 86.4523
1 86.6083 86.6083
1 86.8217 86.8217
1 86.8389 86.8389
1 86.954 86.954
1 87.1149 87.1149
1 87.1321 87.1321
1 87.3212 87.3212
1 87.6185 87.6185
1 88.0909 88.0909
1 88.2383 88.2383
1 88.7525 88.7525
1 88.7525 88.7525
1 89.0225 89.0225
1 89.1067 89.1067
1 89.3085 89.3085
1 89.3085 89.3085
1 89.8109 89.8109
1 89.8109 89.8109
1 90.7359 90.7359
1 90.802 90.802
1 91.2195 91.2195
1 91.2414 91.2414
1 91.2688 91.2688
1 91.4166 91.4166
1 91.5478 91.5478
1 91.8096 91.8096
1 91.9348 91.9348
1 92.1954 92.1954
1 92.2822 92.2822
1 92.358 92.358
1 92.358 92.358
1 92.6553 92.6553
1 92.6984 92.6984
1 93.3809 93.3809
1 93.5094 93.5094
1 94.0479 94.0479
1 94.1754 94.1754
1 94.7629 94.7629
1 97.1854 97.1854
1 97.1854 97.1854
1 97.8366 97.8366
1 97.949 97.949
1 98.813 98.813
1 99.3579 99.3579
1 100.125 100.125
1 101.119 101.119
1 101.139 101.139
1 101.607 101.607
1 101.823 101.823
1 101.833 101.833
1 101.912 101.912
1 102.416 102.416
1 102.591 102.591
1 108.231 108.231
1 109.018 109.018
